0.00151167	 -1.39626 -0.785398        -0  -2.18166         0   1.39626        -0
0.00251167	 -1.39626 -0.785398        -0  -2.18166         0   1.39626        -0
0.00351167	 -1.39567 -0.785399  -8.1e-05  -2.18167 -0.000161   1.39626  -8.6e-05
0.00451167	  -1.3939 -0.785401 -0.000323  -2.18168 -0.000644   1.39627 -0.000345
0.00551167	 -1.39096 -0.785405 -0.000721   -2.1817 -0.001438   1.39627 -0.000771
0.00651167	 -1.38691 -0.785411 -0.001265  -2.18172 -0.002522   1.39627 -0.001351
0.00751167	 -1.38179 -0.785419 -0.001943  -2.18176 -0.003875   1.39627 -0.002076
0.00851167	 -1.37566 -0.785429 -0.002746   -2.1818 -0.005476   1.39628 -0.002935
0.00951167	 -1.36855 -0.785441 -0.003665  -2.18185 -0.007307    1.3963 -0.003916
0.0105117	 -1.36051 -0.785456 -0.004689   -2.1819 -0.009349   1.39631  -0.00501
0.0115117	 -1.35157 -0.785472  -0.00581  -2.18197 -0.011584   1.39634 -0.006208
0.0125117	 -1.34179 -0.785489 -0.007021  -2.18204 -0.013996   1.39638   -0.0075
0.0135117	 -1.33119 -0.785508 -0.008312  -2.18212 -0.016568   1.39644 -0.008879
0.0145117	 -1.31982 -0.785527 -0.009676  -2.18221 -0.019287   1.39651 -0.010336
0.0155117	 -1.30772 -0.785546 -0.011107   -2.1823 -0.022136   1.39661 -0.011863
0.0165117	 -1.29491 -0.785564 -0.012596   -2.1824 -0.025102   1.39673 -0.013452
0.0175117	 -1.28143 -0.785581 -0.014139  -2.18251 -0.028173   1.39687 -0.015098
0.0185117	 -1.26732 -0.785596 -0.015729  -2.18263 -0.031335   1.39705 -0.016793
0.0195117	 -1.25261 -0.785609 -0.017359  -2.18275 -0.034578   1.39727 -0.018531
0.0205117	 -1.23732 -0.785619 -0.019025  -2.18288 -0.037891   1.39752 -0.020305
0.0215117	 -1.22149 -0.785624 -0.020722  -2.18302 -0.041262   1.39782 -0.022112
0.0225117	 -1.20515 -0.785626 -0.022444  -2.18316 -0.044682   1.39817 -0.023944
0.0235117	 -1.18832 -0.785622 -0.024188  -2.18331 -0.048142   1.39857 -0.025797
0.0245117	 -1.17103 -0.785612 -0.025949  -2.18347 -0.051634   1.39902 -0.027667
0.0255117	 -1.15331 -0.785596 -0.027722  -2.18363 -0.055149   1.39954 -0.029549
0.0265117	 -1.13518 -0.785573 -0.029505   -2.1838  -0.05868   1.40012 -0.031438
0.0275117	 -1.11667 -0.785542 -0.031294  -2.18398 -0.062218   1.40077 -0.033332
0.0285117	  -1.0978 -0.785502 -0.033086  -2.18417 -0.065759   1.40149 -0.035226
0.0295117	 -1.07859 -0.785454 -0.034878  -2.18436 -0.069296   1.40228 -0.037116
0.0305117	 -1.05906 -0.785396 -0.036666  -2.18456 -0.072822   1.40315 -0.039001
0.0315117	 -1.03924 -0.785328 -0.038449  -2.18476 -0.076334   1.40411 -0.040876
0.0325117	 -1.01914 -0.785249 -0.040224  -2.18497 -0.079824   1.40515 -0.042739
0.0335117	-0.998791 -0.785159 -0.041989  -2.18519  -0.08329   1.40628 -0.044588
0.0345117	-0.978204 -0.785057 -0.043741  -2.18542 -0.086727    1.4075 -0.046419
0.0355117	-0.957399 -0.784943  -0.04548  -2.18565 -0.090131   1.40881 -0.048232
0.0365117	-0.936393 -0.784817 -0.047203  -2.18589 -0.093498   1.41023 -0.050023
0.0375117	-0.915204 -0.784678 -0.048909  -2.18613 -0.096825   1.41174 -0.051791
0.0385117	-0.893848 -0.784525 -0.050596  -2.18638  -0.10011   1.41335 -0.053535
0.0395117	 -0.87234 -0.784359 -0.052263  -2.18664 -0.103348   1.41506 -0.055252
0.0405117	-0.850696 -0.784179 -0.053909  -2.18691 -0.106539   1.41688 -0.056941
0.0415117	 -0.82893 -0.783985 -0.055533  -2.18718 -0.109679   1.41881 -0.058601
0.0425117	-0.807056 -0.783776 -0.057133  -2.18746 -0.112766   1.42084 -0.060231
0.0435117	-0.785088 -0.783552  -0.05871  -2.18774   -0.1158   1.42298 -0.061829
0.0445117	-0.763039 -0.783314 -0.060262  -2.18803 -0.118777   1.42524 -0.063395
0.0455117	-0.740921 -0.783061 -0.061788  -2.18832 -0.121696    1.4276 -0.064928
0.0465117	-0.718746 -0.782792 -0.063288  -2.18863 -0.124557   1.43007 -0.066426
0.0475117	-0.696526 -0.782509 -0.064762  -2.18893 -0.127358   1.43265  -0.06789
0.0485117	-0.674271  -0.78221 -0.066209  -2.18925 -0.130098   1.43535 -0.069318
0.0495117	-0.651993 -0.781895 -0.067628  -2.18957 -0.132775   1.43815  -0.07071
0.0505117	-0.629702 -0.781566 -0.069019  -2.18989  -0.13539   1.44107 -0.072065
0.0515117	-0.607407 -0.781221 -0.070382  -2.19022 -0.137941   1.44409 -0.073384
0.0525117	-0.585118  -0.78086 -0.071716  -2.19056 -0.140428   1.44723 -0.074665
0.0535117	-0.562844 -0.780485 -0.073022   -2.1909 -0.142851   1.45047 -0.075909
0.0545117	-0.540594 -0.780094 -0.074298  -2.19124 -0.145208   1.45382 -0.077114
0.0555117	-0.518375 -0.779687 -0.075546  -2.19159   -0.1475   1.45728 -0.078282
0.0565117	-0.496196 -0.779266 -0.076764  -2.19195 -0.149727   1.46084 -0.079411
0.0575117	-0.474065  -0.77883 -0.077953   -2.1923 -0.151887    1.4645 -0.080502
0.0585117	-0.451988  -0.77838 -0.079113  -2.19267 -0.153981   1.46826 -0.081554
0.0595117	-0.429972 -0.777915 -0.080242  -2.19303  -0.15601   1.47212 -0.082567
0.0605117	-0.408025 -0.777435 -0.081343   -2.1934 -0.157971   1.47608 -0.083542
0.0615117	-0.386152 -0.776941 -0.082413  -2.19378 -0.159867   1.48014 -0.084478
0.0625117	 -0.36436 -0.776434 -0.083454  -2.19415 -0.161696   1.48429 -0.085375
0.0635117	-0.342654 -0.775913 -0.084465  -2.19453 -0.163459   1.48852 -0.086234
0.0645117	 -0.32104 -0.775378 -0.085447  -2.19492 -0.165156   1.49284 -0.087054
0.0655117	-0.299523 -0.774831 -0.086399   -2.1953 -0.166787   1.49725 -0.087836
0.0665117	-0.278108  -0.77427 -0.087321  -2.19569 -0.168352   1.50175 -0.088579
0.0675117	  -0.2568 -0.773697 -0.088213  -2.19608 -0.169851   1.50631 -0.089285
0.0685117	-0.235603 -0.773112 -0.089076  -2.19647 -0.171285   1.51096 -0.089952
0.0695117	-0.214521 -0.772515 -0.089909  -2.19687 -0.172653   1.51568 -0.090581
0.0705117	-0.193559 -0.771906 -0.090712  -2.19726 -0.173956   1.52047 -0.091173
0.0715117	 -0.17272 -0.771286 -0.091486  -2.19766 -0.175194   1.52532 -0.091727
0.0725117	-0.152008 -0.770656  -0.09223  -2.19806 -0.176367   1.53024 -0.092244
0.0735117	-0.131426 -0.770015 -0.092944  -2.19845 -0.177476   1.53522 -0.092724
0.0745117	-0.110978 -0.769363 -0.093629  -2.19885  -0.17852   1.54025 -0.093167
0.0755117	-0.090667 -0.768703 -0.094285  -2.19925 -0.179501   1.54534 -0.093573
0.0765117	-0.070494 -0.768032  -0.09491  -2.19965 -0.180418   1.55048 -0.093943
0.0775117	-0.050464 -0.767353 -0.095507  -2.20005 -0.181272   1.55566 -0.094278
0.0785117	-0.030579 -0.766665 -0.096073  -2.20045 -0.182062   1.56089 -0.094576
0.0795117	 -0.01084  -0.76597 -0.096611  -2.20084  -0.18279   1.56615  -0.09484
0.0805117	  0.00875 -0.765266 -0.097119  -2.20124 -0.183456   1.57146 -0.095068
0.0815117	 0.028188 -0.764555 -0.097597  -2.20163  -0.18406   1.57679 -0.095262
0.0825117	 0.047474 -0.763838 -0.098046  -2.20202 -0.184602   1.58215 -0.095421
0.0835117	 0.066605 -0.763114 -0.098466  -2.20241 -0.185083   1.58753 -0.095546
0.0845117	  0.08558 -0.762383 -0.098856   -2.2028 -0.185503   1.59294 -0.095638
0.0855117	 0.104397 -0.761648 -0.099218  -2.20319 -0.185862   1.59836 -0.095696
0.0865117	 0.123054 -0.760907 -0.099549  -2.20357 -0.186162    1.6038 -0.095722
0.0875117	 0.141552 -0.760161 -0.099852  -2.20395 -0.186402   1.60924 -0.095715
0.0885117	 0.159888 -0.759412 -0.100126  -2.20433 -0.186582   1.61469 -0.095677
0.0895117	 0.178062 -0.758658  -0.10037   -2.2047 -0.186704   1.62015 -0.095607
0.0905117	 0.196072 -0.757901 -0.100585  -2.20507 -0.186768   1.62561 -0.095505
0.0915117	 0.213919 -0.757141 -0.100772  -2.20544 -0.186774   1.63106 -0.095373
0.0925117	 0.231601 -0.756379 -0.100929   -2.2058 -0.186723    1.6365 -0.095211
0.0935117	 0.249117 -0.755615 -0.101058  -2.20616 -0.186615   1.64193 -0.095019
0.0945117	 0.266468 -0.754849 -0.101157  -2.20651  -0.18645   1.64735 -0.094798
0.0955117	 0.283653 -0.754082 -0.101228  -2.20686  -0.18623   1.65275 -0.094548
0.0965117	 0.300671 -0.753314  -0.10127  -2.20721 -0.185955   1.65813  -0.09427
0.0975117	 0.317522 -0.752546 -0.101284  -2.20754 -0.185626   1.66348 -0.093964
0.0985117	 0.334207 -0.751778 -0.101269  -2.20788 -0.185242   1.66881 -0.093631
0.0995117	 0.350725  -0.75101 -0.101226   -2.2082 -0.184805    1.6741 -0.093271
0.100512	 0.367076 -0.750244 -0.101155  -2.20852 -0.184316   1.67937 -0.092885
0.101512	  0.38326 -0.749479 -0.101056  -2.20884 -0.183774   1.68459 -0.092473
0.102512	 0.399278 -0.748716 -0.100929  -2.20915 -0.183181   1.68978 -0.092036
0.103512	 0.415129 -0.747955 -0.100774  -2.20945 -0.182537   1.69492 -0.091575
0.104512	 0.430813 -0.747197 -0.100591  -2.20975 -0.181843   1.70002 -0.091089
0.105512	 0.446332 -0.746442 -0.100381  -2.21004   -0.1811   1.70507  -0.09058
0.106512	 0.461686 -0.745691 -0.100144  -2.21032 -0.180308   1.71007 -0.090049
0.107512	 0.476874 -0.744943 -0.099879   -2.2106 -0.179469   1.71502 -0.089495
0.108512	 0.491898   -0.7442 -0.099588  -2.21087 -0.178582   1.71991 -0.088919
0.109512	 0.506758 -0.743462  -0.09927  -2.21114 -0.177649   1.72474 -0.088322
0.110512	 0.521454 -0.742729 -0.098926  -2.21139 -0.176671   1.72951 -0.087705
0.111512	 0.535987 -0.742001 -0.098555  -2.21164 -0.175647   1.73422 -0.087068
0.112512	 0.550359 -0.741279 -0.098159  -2.21188  -0.17458   1.73887 -0.086411
0.113512	 0.564569 -0.740563 -0.097737  -2.21211  -0.17347   1.74344 -0.085735
0.114512	 0.578618 -0.739854 -0.097289  -2.21234 -0.172318   1.74795 -0.085042
0.115512	 0.592507 -0.739151 -0.096817  -2.21256 -0.171124   1.75239  -0.08433
0.116512	 0.606237 -0.738456 -0.096319  -2.21277  -0.16989   1.75675 -0.083602
0.117512	 0.619808 -0.737769 -0.095797  -2.21298 -0.168616   1.76104 -0.082857
0.118512	 0.633223  -0.73709 -0.095251  -2.21318 -0.167303   1.76525 -0.082096
0.119512	  0.64648 -0.736418 -0.094682  -2.21336 -0.165953   1.76938 -0.081321
0.120512	 0.659582 -0.735756 -0.094088  -2.21354 -0.164565   1.77344  -0.08053
0.121512	  0.67253 -0.735102 -0.093472  -2.21372 -0.163142   1.77741 -0.079725
0.122512	 0.685324 -0.734457 -0.092833  -2.21388 -0.161684    1.7813 -0.078907
0.123512	 0.697965 -0.733822 -0.092171  -2.21404 -0.160191   1.78511 -0.078076
0.124512	 0.710454 -0.733196 -0.091488  -2.21419 -0.158666   1.78883 -0.077232
0.125512	 0.722793 -0.732581 -0.090783  -2.21434 -0.157108   1.79246 -0.076377
0.126512	 0.734983 -0.731975 -0.090056  -2.21447 -0.155519   1.79601  -0.07551
0.127512	 0.747024  -0.73138 -0.089309   -2.2146 -0.153899   1.79947 -0.074632
0.128512	 0.758917 -0.730796 -0.088542  -2.21472  -0.15225   1.80284 -0.073745
0.129512	 0.770665 -0.730223 -0.087754  -2.21483 -0.150573   1.80612 -0.072848
0.130512	 0.782267 -0.729661 -0.086948  -2.21494 -0.148868   1.80931 -0.071941
0.131512	 0.793725  -0.72911 -0.086122  -2.21504 -0.147137   1.81241 -0.071027
0.132512	 0.805041 -0.728571 -0.085277  -2.21513 -0.145381   1.81541 -0.070104
0.133512	 0.816214 -0.728044 -0.084415  -2.21521   -0.1436   1.81833 -0.069173
0.134512	 0.827248 -0.727529 -0.083535  -2.21529 -0.141795   1.82115 -0.068236
0.135512	 0.838142 -0.727025 -0.082637  -2.21536 -0.139968   1.82387 -0.067292
0.136512	 0.848897 -0.726534 -0.081723  -2.21542 -0.138119   1.82651 -0.066342
0.137512	 0.859516 -0.726056 -0.080793  -2.21548 -0.136249   1.82904 -0.065387
0.138512	     0.87  -0.72559 -0.079847  -2.21553  -0.13436   1.83149 -0.064426
0.139512	 0.880348 -0.725136 -0.078886  -2.21557 -0.132452   1.83383 -0.063461
0.140512	 0.890564 -0.724696  -0.07791  -2.21561 -0.130527   1.83609 -0.062492
0.141512	 0.900647 -0.724268  -0.07692  -2.21563 -0.128584   1.83825 -0.061519
0.142512	   0.9106 -0.723853 -0.075916  -2.21566 -0.126626   1.84031 -0.060543
0.143512	 0.920423 -0.723452 -0.074899  -2.21568 -0.124652   1.84228 -0.059564
0.144512	 0.930117 -0.723064 -0.073869  -2.21569 -0.122665   1.84416 -0.058583
0.145512	 0.939684 -0.722689 -0.072827  -2.21569 -0.120664   1.84594 -0.057599
0.146512	 0.949126 -0.722327 -0.071773  -2.21569 -0.118651   1.84763 -0.056615
0.147512	 0.958443 -0.721979 -0.070709  -2.21568 -0.116627   1.84922 -0.055629
0.148512	 0.967636 -0.721644 -0.069633  -2.21567 -0.114592   1.85072 -0.054642
0.149512	 0.976707 -0.721322 -0.068548  -2.21565 -0.112548   1.85213 -0.053655
0.150512	 0.985657 -0.721015 -0.067453  -2.21563 -0.110495   1.85345 -0.052668
0.151512	 0.994487  -0.72072 -0.066348   -2.2156 -0.108434   1.85467 -0.051681
0.152512	   1.0032 -0.720439 -0.065236  -2.21556 -0.106366    1.8558 -0.050695
0.153512	  1.01179 -0.720172 -0.064115  -2.21553 -0.104292   1.85684  -0.04971
0.154512	  1.02027 -0.719918 -0.062986  -2.21548 -0.102213   1.85779 -0.048726
0.155512	  1.02863 -0.719678  -0.06185  -2.21543 -0.100129   1.85865 -0.047744
0.156512	  1.03689 -0.719452 -0.060708  -2.21538 -0.098041   1.85943 -0.046764
0.157512	  1.04502 -0.719238  -0.05956  -2.21532  -0.09595   1.86011 -0.045786
0.158512	  1.05305 -0.719039 -0.058406  -2.21526 -0.093858   1.86071 -0.044811
0.159512	  1.06096 -0.718852 -0.057247   -2.2152 -0.091763   1.86122 -0.043838
0.160512	  1.06877 -0.718679 -0.056084  -2.21513 -0.089669   1.86164 -0.042869
0.161512	  1.07647  -0.71852 -0.054916  -2.21506 -0.087574   1.86198 -0.041903
0.162512	  1.08406 -0.718373 -0.053745  -2.21498  -0.08548   1.86224 -0.040941
0.163512	  1.09155  -0.71824 -0.052571   -2.2149 -0.083387   1.86241 -0.039983
0.164512	  1.09894  -0.71812 -0.051393  -2.21482 -0.081297    1.8625 -0.039029
0.165512	  1.10622 -0.718013 -0.050214  -2.21473 -0.079209   1.86251 -0.038079
0.166512	   1.1134 -0.717919 -0.049033  -2.21464 -0.077125   1.86244 -0.037134
0.167512	  1.12048 -0.717838 -0.047851  -2.21455 -0.075045   1.86229 -0.036194
0.168512	  1.12746 -0.717769 -0.046667  -2.21445  -0.07297   1.86206 -0.035258
0.169512	  1.13434 -0.717713 -0.045483  -2.21435   -0.0709   1.86175 -0.034328
0.170512	  1.14112  -0.71767   -0.0443  -2.21425 -0.068837   1.86137 -0.033404
0.171512	  1.14781 -0.717639 -0.043116  -2.21415  -0.06678   1.86091 -0.032485
0.172512	   1.1544  -0.71762 -0.041934  -2.21405  -0.06473   1.86038 -0.031572
0.173512	   1.1609 -0.717614 -0.040753  -2.21394 -0.062688   1.85978 -0.030665
0.174512	  1.16731  -0.71762 -0.039573  -2.21383 -0.060654    1.8591 -0.029764
0.175512	  1.17362 -0.717637 -0.038395  -2.21372 -0.058629   1.85835 -0.028869
0.176512	  1.17985 -0.717667  -0.03722   -2.2136 -0.056613   1.85754  -0.02798
0.177512	  1.18598 -0.717708 -0.036048  -2.21349 -0.054607   1.85665 -0.027099
0.178512	  1.19203 -0.717761 -0.034879  -2.21337 -0.052612    1.8557 -0.026224
0.179512	  1.19799 -0.717825 -0.033713  -2.21326 -0.050627   1.85468 -0.025355
0.180512	  1.20387   -0.7179 -0.032552  -2.21314 -0.048654    1.8536 -0.024494
0.181512	  1.20965 -0.717986 -0.031395  -2.21302 -0.046692   1.85245  -0.02364
0.182512	  1.21536 -0.718084 -0.030242   -2.2129 -0.044742   1.85124 -0.022793
0.183512	  1.22098 -0.718192 -0.029094  -2.21278 -0.042805   1.84997 -0.021953
0.184512	  1.22652 -0.718311 -0.027952  -2.21266 -0.040881   1.84864 -0.021121
0.185512	  1.23198  -0.71844 -0.026815  -2.21253 -0.038971   1.84725 -0.020296
0.186512	  1.23736  -0.71858 -0.025684  -2.21241 -0.037074    1.8458 -0.019479
0.187512	  1.24266  -0.71873 -0.024559  -2.21229 -0.035191    1.8443 -0.018669
0.188512	  1.24789  -0.71889 -0.023441  -2.21216 -0.033323   1.84274 -0.017867
0.189512	  1.25303 -0.719059  -0.02233  -2.21204  -0.03147   1.84112 -0.017073
0.190512	   1.2581 -0.719238 -0.021226  -2.21191 -0.029631   1.83945 -0.016287
0.191512	   1.2631 -0.719427 -0.020129  -2.21179 -0.027809   1.83773 -0.015509
0.192512	  1.26802 -0.719625  -0.01904  -2.21167 -0.026002   1.83596 -0.014739
0.193512	  1.27287 -0.719833 -0.017959  -2.21154 -0.024211   1.83414 -0.013977
0.194512	  1.27764 -0.720049 -0.016885  -2.21142 -0.022436   1.83227 -0.013223
0.195512	  1.28235 -0.720274 -0.015821   -2.2113 -0.020678   1.83036 -0.012477
0.196512	  1.28699 -0.720508 -0.014764  -2.21117 -0.018937   1.82839 -0.011739
0.197512	  1.29155  -0.72075 -0.013717  -2.21105 -0.017213   1.82639  -0.01101
0.198512	  1.29605    -0.721 -0.012679  -2.21093 -0.015506   1.82434 -0.010288
0.199512	  1.30048 -0.721259  -0.01165  -2.21081 -0.013817   1.82224 -0.009575
0.200512	  1.30484 -0.721525  -0.01063  -2.21069 -0.012146   1.82011 -0.008871
0.201512	  1.30914 -0.721799  -0.00962  -2.21057 -0.010493   1.81793 -0.008175
0.202512	  1.31337 -0.722081  -0.00862  -2.21045 -0.008858   1.81572 -0.007487
0.203512	  1.31754  -0.72237  -0.00763  -2.21033 -0.007241   1.81346 -0.006807
0.204512	  1.32165 -0.722667  -0.00665  -2.21022 -0.005643   1.81117 -0.006136
0.205512	  1.32569  -0.72297 -0.005681   -2.2101 -0.004063   1.80885 -0.005474
0.206512	  1.32967 -0.723281 -0.004722  -2.20999 -0.002503   1.80649 -0.004819
0.207512	   1.3336 -0.723598 -0.003773  -2.20987 -0.000961   1.80409 -0.004173
0.208512	  1.33746 -0.723921 -0.002836  -2.20976  0.000561   1.80167 -0.003536
0.209512	  1.34126 -0.724251 -0.001909  -2.20965  0.002065   1.79921 -0.002907
0.210512	  1.34501 -0.724587 -0.000993  -2.20954  0.003549   1.79672 -0.002287
0.211512	  1.34869 -0.724929  -8.9e-05  -2.20943  0.005013    1.7942 -0.001674
0.212512	  1.35232 -0.725277  0.000804  -2.20933  0.006458   1.79165 -0.001071
0.213512	   1.3559 -0.725631  0.001686  -2.20922  0.007883   1.78908 -0.000475
0.214512	 1.35942 -0.72599 0.002556 -2.20912 0.009289  1.78648 0.000111
0.215512	  1.36288 -0.726355  0.003415  -2.20902  0.010674   1.78385   0.00069
0.216512	   1.3663 -0.726724  0.004262  -2.20892   0.01204    1.7812   0.00126
0.217512	  1.36966 -0.727099  0.005097  -2.20882  0.013386   1.77853  0.001822
0.218512	  1.37296 -0.727479   0.00592  -2.20872  0.014712   1.77584  0.002375
0.219512	  1.37622 -0.727863  0.006732  -2.20863  0.016018   1.77312  0.002921
0.220512	  1.37943 -0.728252  0.007531  -2.20853  0.017304   1.77038  0.003457
0.222211	  1.38258 -0.728645  0.008319  -2.20844  0.018569   1.76762  0.003986
0.223211	  1.38569 -0.729042  0.009094  -2.20835  0.019815   1.76485  0.004506
0.224211	  1.38875 -0.729443  0.009858  -2.20826   0.02104   1.76205  0.005019
0.225211	  1.39176 -0.729848  0.010609  -2.20818  0.022246   1.75924  0.005523
0.226211	  1.39472 -0.730257  0.011348  -2.20809  0.023431   1.75642  0.006018
0.227211	 1.39764 -0.73067 0.012074 -2.20801 0.024596  1.75357 0.006506
0.228211	  1.40051 -0.731086  0.012789  -2.20793  0.025741   1.75072  0.006986
0.229211	  1.40334 -0.731505  0.013491  -2.20785  0.026866   1.74785  0.007457
0.230211	  1.40612 -0.731927  0.014181  -2.20777  0.027971   1.74497  0.007921
0.231211	  1.40886 -0.732352  0.014859  -2.20769  0.029056   1.74208  0.008376
0.232211	  1.41155 -0.732781  0.015524  -2.20762  0.030121   1.73917  0.008824
0.233211	   1.4142 -0.733211  0.016177  -2.20755  0.031166   1.73626  0.009263
0.234211	  1.41682 -0.733645  0.016818  -2.20748  0.032191   1.73333  0.009695
0.235211	  1.41938 -0.734081  0.017446  -2.20741  0.033196    1.7304  0.010119
0.236211	  1.42191 -0.734519  0.018063  -2.20735  0.034182   1.72746  0.010535
0.237211	   1.4244 -0.734959  0.018667  -2.20728  0.035148   1.72452  0.010944
0.238211	  1.42685 -0.735401  0.019258  -2.20722  0.036094   1.72157  0.011344
0.239211	  1.42926 -0.735845  0.019838  -2.20716   0.03702   1.71861  0.011737
0.240211	  1.43163 -0.736291  0.020406   -2.2071  0.037927   1.71565  0.012123
0.241211	  1.43396 -0.736738  0.020961  -2.20705  0.038814   1.71268  0.012501
0.242211	  1.43626 -0.737187  0.021504  -2.20699  0.039682   1.70971  0.012871
0.243211	  1.43852 -0.737638  0.022035  -2.20694  0.040531   1.70674  0.013234
0.244211	  1.44074 -0.738089  0.022555  -2.20689  0.041361   1.70376  0.013589
0.245211	  1.44293 -0.738542  0.023062  -2.20684  0.042171   1.70079  0.013937
0.246211	  1.44508 -0.738995  0.023557  -2.20679  0.042963   1.69781  0.014278
0.247211	  1.4472 -0.73945 0.024041 -2.20675 0.043735  1.69484 0.014611
0.248211	  1.44928 -0.739905  0.024513   -2.2067  0.044489   1.69186  0.014937
0.249211	  1.45133 -0.740361  0.024973  -2.20666  0.045224   1.68889  0.015256
0.250211	  1.45335 -0.740818  0.025421  -2.20662  0.045941   1.68592  0.015567
0.251211	  1.45534 -0.741275  0.025858  -2.20659  0.046639   1.68295  0.015872
0.252211	  1.45729 -0.741732  0.026283  -2.20655  0.047319   1.67998   0.01617
0.253211	  1.45921 -0.742189  0.026697  -2.20651  0.047981   1.67702   0.01646
0.254211	   1.4611 -0.742647  0.027099  -2.20648  0.048624   1.67406  0.016744
0.255211	  1.46296 -0.743105  0.027491  -2.20645   0.04925   1.67111   0.01702
0.256211	  1.46479 -0.743562  0.027871  -2.20642  0.049858   1.66816   0.01729
0.257211	 1.46659 -0.74402 0.028239 -2.20639 0.050448  1.66522 0.017553
0.258211	  1.46835 -0.744477  0.028597  -2.20637  0.051021   1.66228  0.017809
0.259211	  1.47009 -0.744934  0.028944  -2.20634  0.051576   1.65935  0.018059
0.260211	 1.47181 -0.74539  0.02928 -2.20632 0.052115  1.65643 0.018302
0.261211	  1.47349 -0.745846  0.029606   -2.2063  0.052635   1.65351  0.018538
0.262211	  1.47515 -0.746301   0.02992  -2.20628   0.05314   1.65061  0.018768
0.263211	  1.47678 -0.746756  0.030224  -2.20626  0.053627   1.64771  0.018992
0.264211	  1.47838 -0.747209  0.030518  -2.20625  0.054097   1.64482  0.019209
0.265211	  1.47996 -0.747662  0.030801  -2.20623  0.054551   1.64194  0.019419
0.266211	  1.48151 -0.748114  0.031074  -2.20622  0.054989   1.63907  0.019624
0.267211	  1.48303 -0.748564  0.031337  -2.20621  0.055411   1.63621  0.019822
0.268211	  1.48453 -0.749014  0.031589   -2.2062  0.055816   1.63336  0.020013
0.269211	  1.48601 -0.749463  0.031832  -2.20619  0.056206   1.63053  0.020199
0.270211	 1.48746 -0.74991 0.032065 -2.20618  0.05658   1.6277 0.020379
0.271211	  1.48889 -0.750356  0.032288  -2.20617  0.056938   1.62488  0.020552
0.272211	 1.49029  -0.7508 0.032501 -2.20617 0.057281  1.62208  0.02072
0.273211	  1.49167 -0.751243  0.032705  -2.20616  0.057609   1.61929  0.020882
0.274211	  1.49303 -0.751684    0.0329  -2.20616  0.057921   1.61652  0.021038
0.275211	  1.49436 -0.752124  0.033085  -2.20616  0.058219   1.61376  0.021188
0.276211	  1.49568 -0.752562  0.033261  -2.20616  0.058502   1.61101  0.021332
0.277211	  1.49697 -0.752999  0.033428  -2.20616  0.058771   1.60827  0.021471
0.278211	  1.49824 -0.753433  0.033586  -2.20616  0.059025   1.60555  0.021604
0.279211	  1.49949 -0.753866  0.033735  -2.20616  0.059265   1.60285  0.021731
0.280211	  1.50072 -0.754297  0.033875  -2.20617  0.059491   1.60015  0.021853
0.281211	  1.50192 -0.754726  0.034007  -2.20617  0.059703   1.59748  0.021969
0.282211	  1.50311 -0.755153   0.03413  -2.20618  0.059901   1.59482   0.02208
0.283211	  1.50428 -0.755577  0.034244  -2.20619  0.060086   1.59217  0.022186
0.284211	 1.50543   -0.756 0.034351  -2.2062 0.060258  1.58954 0.022287
0.285211	  1.50655 -0.756421  0.034449   -2.2062  0.060416   1.58693  0.022382
0.286211	  1.50766 -0.756839   0.03454  -2.20621  0.060561   1.58433  0.022472
0.287211	  1.50876 -0.757255  0.034622  -2.20622  0.060694   1.58175  0.022557
0.288211	  1.50983 -0.757669  0.034697  -2.20624  0.060814   1.57918  0.022637
0.289211	 1.51088 -0.75808 0.034763 -2.20625 0.060921  1.57664 0.022712
0.290211	  1.51192 -0.758489  0.034823  -2.20626  0.061017   1.57411  0.022782
0.291211	  1.51294 -0.758896  0.034875  -2.20628    0.0611   1.57159  0.022847
0.292211	 1.51394  -0.7593 0.034919 -2.20629 0.061171   1.5691 0.022907
0.293211	  1.51493 -0.759702  0.034956  -2.20631   0.06123   1.56662  0.022963
0.294211	   1.5159 -0.760101  0.034987  -2.20633  0.061278   1.56416  0.023014
0.295211	  1.51685 -0.760497   0.03501  -2.20634  0.061315   1.56172   0.02306
0.296211	  1.51779 -0.760891  0.035026  -2.20636   0.06134    1.5593  0.023102
0.297211	  1.51871 -0.761283  0.035036  -2.20638  0.061355   1.55689  0.023139
0.298211	  1.51961 -0.761671  0.035039   -2.2064  0.061358    1.5545  0.023172
0.299211	   1.5205 -0.762057  0.035036  -2.20642  0.061351   1.55214  0.023201
0.300211	  1.52138 -0.762441  0.035026  -2.20644  0.061333   1.54979  0.023225
0.301211	  1.52224 -0.762821   0.03501  -2.20646  0.061305   1.54746  0.023245
0.302211	  1.52308 -0.763199  0.034987  -2.20648  0.061267   1.54514   0.02326
0.303211	  1.52391 -0.763574  0.034959   -2.2065  0.061219   1.54285  0.023272
0.304211	  1.52473 -0.763946  0.034925  -2.20652  0.061161   1.54058  0.023279
0.305211	  1.52553 -0.764315  0.034885  -2.20655  0.061093   1.53832  0.023282
0.306211	  1.52632 -0.764682  0.034839  -2.20657  0.061016   1.53609  0.023282
0.307211	   1.5271 -0.765045  0.034788  -2.20659   0.06093   1.53387  0.023277
0.308211	  1.52786 -0.765406  0.034731  -2.20662  0.060835   1.53168  0.023269
0.309211	  1.52861 -0.765764  0.034669  -2.20664   0.06073    1.5295  0.023257
0.310211	  1.52935 -0.766119  0.034601  -2.20667  0.060617   1.52734  0.023241
0.311211	  1.53007 -0.766471  0.034529  -2.20669  0.060495   1.52521  0.023221
0.312211	 1.53079 -0.76682 0.034451 -2.20672 0.060365  1.52309 0.023198
0.313211	  1.53148 -0.767166  0.034369  -2.20674  0.060227   1.52099  0.023171
0.314211	  1.53217 -0.767509  0.034282  -2.20677  0.060081   1.51891  0.023141
0.315211	  1.53285 -0.767849   0.03419  -2.20679  0.059926   1.51686  0.023108
0.316211	  1.53351 -0.768186  0.034093  -2.20682  0.059764   1.51482  0.023071
0.317211	 1.53417 -0.76852 0.033992 -2.20685 0.059595   1.5128  0.02303
0.318211	  1.53481 -0.768851  0.033887  -2.20687  0.059417    1.5108  0.022987
0.319211	  1.53544 -0.769179  0.033777   -2.2069  0.059233   1.50882   0.02294
0.320211	  1.53606 -0.769504  0.033663  -2.20693  0.059042   1.50686   0.02289
0.321211	  1.53667 -0.769825  0.033545  -2.20695  0.058843   1.50492  0.022837
0.322211	  1.53727 -0.770144  0.033424  -2.20698  0.058638     1.503  0.022781
0.323211	 1.53786 -0.77046 0.033298 -2.20701 0.058426   1.5011 0.022722
0.324211	  1.53844 -0.770773  0.033168  -2.20703  0.058208   1.49923   0.02266
0.325211	    1.539 -0.771083  0.033035  -2.20706  0.057984   1.49737  0.022595
0.326211	  1.54011 -0.771693  0.032758  -2.20711  0.057516   1.49371  0.022457
0.327211	  1.54011 -0.771693  0.032758  -2.20711  0.057516   1.49371  0.022457
0.328211	  1.54065 -0.771994  0.032615  -2.20714  0.057274   1.49191  0.022384
0.329211	  1.54118 -0.772291  0.032468  -2.20717  0.057026   1.49013  0.022308
0.330211	  1.54171 -0.772586  0.032318   -2.2072  0.056772   1.48836   0.02223
0.331211	  1.54222 -0.772877  0.032165  -2.20722  0.056513   1.48662  0.022149
0.332211	  1.54272 -0.773165   0.03201  -2.20725  0.056249    1.4849  0.022066
0.333211	  1.54322 -0.773451  0.031851  -2.20728   0.05598    1.4832   0.02198
0.334211	   1.5437 -0.773733  0.031689   -2.2073  0.055705   1.48152  0.021892
0.335211	  1.54418 -0.774012  0.031525  -2.20733  0.055426   1.47986  0.021802
0.336211	  1.54465 -0.774289  0.031358  -2.20736  0.055143   1.47821   0.02171
0.337211	  1.54511 -0.774562  0.031188  -2.20739  0.054854   1.47659  0.021615
0.338211	  1.54556 -0.774832  0.031016  -2.20741  0.054562   1.47498  0.021518
0.339211	  1.54601 -0.775099  0.030842  -2.20744  0.054265    1.4734  0.021419
0.340211	  1.54645 -0.775364  0.030665  -2.20747  0.053964   1.47183  0.021318
0.341211	  1.54688 -0.775625  0.030486  -2.20749  0.053659   1.47029  0.021215
0.342211	   1.5473 -0.775883  0.030305  -2.20752   0.05335   1.46876   0.02111
0.343211	  1.54772 -0.776138  0.030122  -2.20754  0.053037   1.46725  0.021003
0.344211	  1.54812 -0.776391  0.029937  -2.20757  0.052721   1.46576  0.020895
0.345211	 1.54852 -0.77664  0.02975 -2.20759 0.052402  1.46429 0.020784
0.346211	  1.54892 -0.776887  0.029561  -2.20762  0.052079   1.46283  0.020672
0.347211	 1.54931 -0.77713  0.02937 -2.20764 0.051752   1.4614 0.020558
0.348211	  1.54969 -0.777371  0.029178  -2.20767  0.051423   1.45998  0.020443
0.349211	  1.55043 -0.777844  0.028789  -2.20772  0.050756   1.45721  0.020207
0.350211	  1.55043 -0.777844  0.028789  -2.20772  0.050756   1.45721  0.020207
0.351211	  1.55079 -0.778076  0.028592  -2.20774  0.050418   1.45584  0.020087
0.352211	  1.55114 -0.778305  0.028394  -2.20777  0.050078    1.4545  0.019966
0.353211	  1.55149 -0.778531  0.028195  -2.20779  0.049735   1.45318  0.019843
0.354211	  1.55183 -0.778755  0.027994  -2.20782   0.04939   1.45187  0.019719
0.355211	  1.55217 -0.778975  0.027792  -2.20784  0.049043   1.45058  0.019593
0.356211	   1.5525 -0.779193   0.02759  -2.20786  0.048693   1.44931  0.019467
0.357211	  1.55283 -0.779408  0.027386  -2.20788  0.048342   1.44805  0.019339
0.358211	  1.55314 -0.779621  0.027181  -2.20791  0.047988   1.44682   0.01921
0.359211	 1.55346 -0.77983 0.026975 -2.20793 0.047633   1.4456  0.01908
0.360211	  1.55377 -0.780037  0.026768  -2.20795  0.047276    1.4444  0.018948
0.361211	  1.55407 -0.780241  0.026561  -2.20797  0.046918   1.44321  0.018816
0.362211	  1.55437 -0.780443  0.026353  -2.20799  0.046558   1.44204  0.018683
0.363211	  1.55466 -0.780641  0.026144  -2.20802  0.046196   1.44089  0.018549
0.364211	  1.55495 -0.780837  0.025934  -2.20804  0.045833   1.43976  0.018413
0.365211	  1.55523 -0.781031  0.025724  -2.20806  0.045469   1.43864  0.018278
0.366211	   1.5555 -0.781222  0.025514  -2.20808  0.045104   1.43754  0.018141
0.367211	 1.55577 -0.78141 0.025303  -2.2081 0.044738  1.43646 0.018003
0.368211	  1.55604 -0.781595  0.025091  -2.20812  0.044371   1.43539  0.017865
0.369211	  1.55631 -0.781778   0.02488  -2.20814  0.044003   1.43433  0.017726
0.370211	  1.55656 -0.781959  0.024668  -2.20816  0.043634    1.4333  0.017586
0.371211	  1.55682 -0.782137  0.024456  -2.20818  0.043265   1.43228  0.017446
0.372211	  1.55706 -0.782312  0.024243  -2.20819  0.042895   1.43127  0.017305
0.373211	  1.55731 -0.782485  0.024031  -2.20821  0.042524   1.43029  0.017164
0.374211	  1.55755 -0.782655  0.023818  -2.20823  0.042154   1.42931  0.017022
0.375211	  1.55779 -0.782823  0.023605  -2.20825  0.041783   1.42835   0.01688
0.376211	  1.55802 -0.782989  0.023392  -2.20826  0.041411   1.42741  0.016737
0.377211	  1.55825 -0.783152   0.02318  -2.20828   0.04104   1.42648  0.016594
0.378211	  1.55847 -0.783313  0.022967   -2.2083  0.040668   1.42557   0.01645
0.379211	  1.55869 -0.783471  0.022755  -2.20831  0.040296   1.42467  0.016307
0.380211	   1.5589 -0.783627  0.022542  -2.20833  0.039925   1.42379  0.016163
0.381211	 1.55912 -0.78378  0.02233 -2.20835 0.039553  1.42292 0.016018
0.382211	  1.55933 -0.783932  0.022118  -2.20836  0.039182   1.42207  0.015874
0.383211	  1.55953 -0.784081  0.021907  -2.20838  0.038811   1.42123  0.015729
0.384211	  1.55973 -0.784227  0.021696  -2.20839  0.038441    1.4204  0.015584
0.385211	  1.55993 -0.784372  0.021485  -2.20841  0.038071   1.41959  0.015439
0.386211	  1.56012 -0.784514  0.021274  -2.20842  0.037701   1.41879  0.015294
0.387211	  1.56031 -0.784654  0.021064  -2.20844  0.037332   1.41801  0.015149
0.388211	   1.5605 -0.784792  0.020855  -2.20845  0.036963   1.41724  0.015003
0.389211	  1.56068 -0.784927  0.020646  -2.20846  0.036596   1.41648  0.014858
0.390211	  1.56086 -0.785061  0.020437  -2.20847  0.036229   1.41574  0.014713
0.391211	  1.56104 -0.785192  0.020229  -2.20849  0.035862   1.41501  0.014568
0.392211	  1.56122 -0.785321  0.020022   -2.2085  0.035497   1.41429  0.014423
0.393211	  1.56139 -0.785448  0.019815  -2.20851  0.035132   1.41359  0.014278
0.394211	  1.56156 -0.785574  0.019609  -2.20852  0.034769    1.4129  0.014133
0.395211	  1.56172 -0.785697  0.019404  -2.20854  0.034406   1.41222  0.013989
0.396211	  1.56188 -0.785817  0.019199  -2.20855  0.034045   1.41155  0.013844
0.397211	  1.56204 -0.785936  0.018995  -2.20856  0.033685    1.4109    0.0137
0.398211	   1.5622 -0.786053  0.018792  -2.20857  0.033326   1.41025  0.013556
0.399211	  1.56235 -0.786168   0.01859  -2.20858  0.032968   1.40962  0.013412
0.400211	   1.5625 -0.786281  0.018389  -2.20859  0.032611   1.40901  0.013269
0.401211	  1.56265 -0.786393  0.018188   -2.2086  0.032256    1.4084  0.013126
0.402211	   1.5628 -0.786502  0.017988  -2.20861  0.031902   1.40781  0.012983
0.403211	  1.56294 -0.786609  0.017789  -2.20862  0.031549   1.40722  0.012841
0.404211	  1.56308 -0.786715  0.017591  -2.20863  0.031198   1.40665  0.012699
0.405211	  1.56322 -0.786818  0.017394  -2.20864  0.030848   1.40609  0.012557
0.406211	 1.56349 -0.78702 0.017003 -2.20865 0.030154  1.40501 0.012275
0.407211	 1.56349 -0.78702 0.017003 -2.20865 0.030154  1.40501 0.012275
0.408211	  1.56362 -0.787118  0.016809  -2.20866  0.029809   1.40448  0.012135
0.409211	  1.56375 -0.787215  0.016616  -2.20867  0.029466   1.40396  0.011995
0.410211	 1.56387 -0.78731 0.016424 -2.20868 0.029124  1.40346 0.011856
0.411211	  1.56412 -0.787494  0.016043  -2.20869  0.028446   1.40248  0.011579
0.412211	  1.56412 -0.787494  0.016043  -2.20869  0.028446   1.40248  0.011579
0.413211	  1.56424 -0.787584  0.015854   -2.2087   0.02811   1.40201  0.011442
0.414211	  1.56435 -0.787672  0.015667  -2.20871  0.027776   1.40154  0.011305
0.415211	  1.56447 -0.787758   0.01548  -2.20871  0.027443   1.40109  0.011168
0.416211	  1.56458 -0.787843  0.015295  -2.20872  0.027112   1.40064  0.011032
0.417211	  1.56469 -0.787926   0.01511  -2.20872  0.026783   1.40021  0.010897
0.418211	  1.56491 -0.788088  0.014745  -2.20874  0.026132   1.39937  0.010629
0.419211	  1.56491 -0.788088  0.014745  -2.20874  0.026132   1.39937  0.010629
0.420211	  1.56502 -0.788166  0.014565  -2.20874  0.025809   1.39896  0.010496
0.421211	  1.56512 -0.788243  0.014385  -2.20875  0.025488   1.39857  0.010363
0.422211	  1.56522 -0.788318  0.014207  -2.20875  0.025169   1.39818  0.010232
0.423211	  1.56542 -0.788465  0.013853  -2.20876  0.024537   1.39743   0.00997
0.424211	  1.56542 -0.788465  0.013853  -2.20876  0.024537   1.39743   0.00997
0.425211	  1.56561 -0.788606  0.013505  -2.20877  0.023914   1.39671  0.009712
0.426211	  1.56561 -0.788606  0.013505  -2.20877  0.023914   1.39671  0.009712
0.427211	   1.5657 -0.788674  0.013333  -2.20877  0.023606   1.39637  0.009584
0.428211	   1.5658 -0.788741  0.013162  -2.20878  0.023299   1.39603  0.009456
0.429211	  1.56588 -0.788806  0.012993  -2.20878  0.022995    1.3957   0.00933
0.430211	  1.56597 -0.788871  0.012824  -2.20878  0.022693   1.39539  0.009204
0.431211	  1.56606 -0.788933  0.012657  -2.20878  0.022394   1.39507  0.009079
0.432211	  1.56614 -0.788995  0.012491  -2.20879  0.022096   1.39477  0.008955
0.433211	  1.56623 -0.789055  0.012327  -2.20879  0.021801   1.39447  0.008832
0.434211	  1.56631 -0.789114  0.012163  -2.20879  0.021508   1.39419   0.00871
0.435211	  1.56639 -0.789172  0.012002  -2.20879  0.021217    1.3939  0.008588
0.436211	  1.56647 -0.789228  0.011841   -2.2088  0.020928   1.39363  0.008467
0.437211	  1.56655 -0.789283  0.011682   -2.2088  0.020642   1.39337  0.008348
0.438211	  1.56662 -0.789337  0.011524   -2.2088  0.020358   1.39311  0.008229
0.439211	  1.5667 -0.78939 0.011367  -2.2088 0.020076  1.39285 0.008111
0.440211	  1.56677 -0.789442  0.011212   -2.2088  0.019797   1.39261  0.007993
0.441211	  1.56684 -0.789492  0.011058   -2.2088   0.01952   1.39237  0.007877
0.442211	  1.56692 -0.789542  0.010905   -2.2088  0.019245   1.39214  0.007762
0.443211	 1.56698 -0.78959 0.010754  -2.2088 0.018973  1.39192 0.007647
0.444211	  1.56705 -0.789637  0.010604  -2.20881  0.018703    1.3917  0.007533
0.445211	  1.56712 -0.789683  0.010455  -2.20881  0.018435   1.39149  0.007421
0.446211	  1.56719 -0.789728  0.010307  -2.20881   0.01817   1.39128  0.007309
0.447211	  1.56725 -0.789772  0.010161  -2.20881  0.017906   1.39108  0.007198
0.448211	  1.56731 -0.789815  0.010017  -2.20881  0.017646   1.39089  0.007088
0.449211	  1.56738 -0.789856  0.009873  -2.20881  0.017387   1.39071  0.006979
0.450211	  1.56744 -0.789897  0.009731  -2.20881  0.017131   1.39052  0.006871
0.451211	   1.5675 -0.789937  0.009591  -2.20881  0.016878   1.39035  0.006764
0.452211	  1.56756 -0.789976  0.009451  -2.20881  0.016626   1.39018  0.006658
0.453211	  1.56761 -0.790014  0.009313  -2.20881  0.016377   1.39002  0.006553
0.454211	  1.56767 -0.790051  0.009177   -2.2088  0.016131   1.38986  0.006448
0.455211	  1.56773 -0.790086  0.009041   -2.2088  0.015886   1.38971  0.006345
0.456211	  1.56778 -0.790122  0.008907   -2.2088  0.015645   1.38956  0.006243
0.457211	  1.56784 -0.790156  0.008774   -2.2088  0.015405   1.38942  0.006141
0.458211	  1.56789 -0.790189  0.008643   -2.2088  0.015168   1.38928  0.006041
0.459211	  1.56794 -0.790221  0.008513   -2.2088  0.014933   1.38915  0.005941
0.460211	  1.56799 -0.790253  0.008384   -2.2088    0.0147   1.38902  0.005843
0.461211	  1.56804 -0.790284  0.008257   -2.2088   0.01447    1.3889  0.005745
0.462211	  1.56809 -0.790313  0.008131   -2.2088  0.014242   1.38878  0.005648
0.463211	  1.56814 -0.790342  0.008006  -2.20879  0.014017   1.38867  0.005553
0.464211	  1.56819 -0.790371  0.007882  -2.20879  0.013794   1.38857  0.005458
0.465211	  1.56824 -0.790398   0.00776  -2.20879  0.013573   1.38846  0.005364
0.466211	  1.56828 -0.790425  0.007639  -2.20879  0.013354   1.38836  0.005271
0.467211	  1.56833 -0.790451  0.007519  -2.20879  0.013138   1.38827   0.00518
0.468211	  1.56837 -0.790476  0.007401  -2.20878  0.012924   1.38818  0.005089
0.469211	 1.56841  -0.7905 0.007284 -2.20878 0.012713   1.3881 0.004999
0.470211	  1.56846 -0.790524  0.007168  -2.20878  0.012503   1.38801   0.00491
0.471211	   1.5685 -0.790547  0.007054  -2.20878  0.012296   1.38794  0.004822
0.472211	  1.56854 -0.790569   0.00694  -2.20877  0.012092   1.38786  0.004735
0.473211	 1.56858 -0.79059 0.006828 -2.20877 0.011889  1.38779 0.004648
0.474211	  1.56862 -0.790611  0.006718  -2.20877  0.011689   1.38773  0.004563
0.475211	  1.56866 -0.790632  0.006608  -2.20877  0.011491   1.38766  0.004479
0.476211	   1.5687 -0.790651    0.0065  -2.20876  0.011295   1.38761  0.004396
0.477211	 1.56873 -0.79067 0.006393 -2.20876 0.011102  1.38755 0.004313
0.478211	  1.56877 -0.790688  0.006287  -2.20876   0.01091    1.3875  0.004232
0.479211	  1.56881 -0.790706  0.006182  -2.20876  0.010721   1.38745  0.004152
0.480211	  1.56884 -0.790723  0.006079  -2.20875  0.010534   1.38741  0.004072
0.481211	 1.56888 -0.79074 0.005977 -2.20875  0.01035  1.38737 0.003994
0.482211	  1.56891 -0.790756  0.005876  -2.20874  0.010167   1.38733  0.003916
0.483211	  1.56895 -0.790771  0.005776  -2.20874  0.009987   1.38729  0.003839
0.484211	  1.56898 -0.790786  0.005678  -2.20874  0.009809   1.38726  0.003763
0.485211	 1.56901  -0.7908  0.00558 -2.20873 0.009633  1.38723 0.003688
0.486211	  1.56904 -0.790814  0.005484  -2.20873  0.009459   1.38721  0.003614
0.487211	  1.56907 -0.790827  0.005389  -2.20873  0.009287   1.38718  0.003541
0.488211	   1.5691 -0.790839  0.005295  -2.20872  0.009118   1.38716  0.003469
0.489211	  1.56913 -0.790852  0.005203  -2.20872   0.00895   1.38715  0.003398
0.490211	  1.56916 -0.790863  0.005111  -2.20872  0.008785   1.38713  0.003328
0.491211	  1.56919 -0.790874  0.005021  -2.20871  0.008621   1.38712  0.003258
0.492211	  1.56922 -0.790885  0.004932  -2.20871   0.00846   1.38711  0.003189
0.493211	  1.56925 -0.790895  0.004843  -2.20871  0.008301    1.3871  0.003122
0.494211	  1.56928 -0.790905  0.004756   -2.2087  0.008144    1.3871  0.003055
0.495211	   1.5693 -0.790914   0.00467   -2.2087  0.007989   1.38709  0.002989
0.496211	  1.56933 -0.790923  0.004586   -2.2087  0.007835   1.38709  0.002924
0.497211	  1.56936 -0.790932  0.004502  -2.20869  0.007684    1.3871   0.00286
0.498211	 1.56938 -0.79094 0.004419 -2.20869 0.007535   1.3871 0.002796
0.499211	  1.56941 -0.790947  0.004338  -2.20868  0.007388   1.38711  0.002734
0.500211	  1.56943 -0.790954  0.004257  -2.20868  0.007243   1.38712  0.002672
0.501211	  1.56946 -0.790961  0.004178  -2.20867  0.007099   1.38713  0.002611
0.502211	  1.56948 -0.790968  0.004099  -2.20867  0.006958   1.38714  0.002551
0.503211	   1.5695 -0.790974  0.004022  -2.20867  0.006818   1.38715  0.002492
0.504211	  1.56953 -0.790979  0.003946  -2.20866  0.006681   1.38717  0.002434
0.505211	  1.56955 -0.790985  0.003871  -2.20866  0.006545   1.38719  0.002377
0.506211	  1.56957 -0.790989  0.003796  -2.20865  0.006411   1.38721   0.00232
0.507211	  1.56959 -0.790994  0.003723  -2.20865  0.006279   1.38723  0.002264
0.508211	  1.56962 -0.790998  0.003651  -2.20865  0.006149   1.38725  0.002209
0.509211	  1.56964 -0.791002   0.00358  -2.20864  0.006021   1.38728  0.002155
0.510211	  1.56966 -0.791006  0.003509  -2.20864  0.005894   1.38731  0.002101
0.511211	  1.56968 -0.791009   0.00344  -2.20863   0.00577   1.38733  0.002049
0.512211	   1.5697 -0.791012  0.003372  -2.20863  0.005647   1.38736  0.001997
0.513211	  1.56972 -0.791015  0.003305  -2.20863  0.005526    1.3874  0.001946
0.514211	  1.56974 -0.791017  0.003238  -2.20862  0.005406   1.38743  0.001895
0.515211	  1.56977 -0.791021  0.003108  -2.20861  0.005173    1.3875  0.001797
0.516211	  1.56977 -0.791021  0.003108  -2.20861  0.005173    1.3875  0.001797
0.517211	  1.56979 -0.791023  0.003045  -2.20861  0.005059   1.38753  0.001749
0.518211	  1.56981 -0.791024  0.002982   -2.2086  0.004946   1.38757  0.001701
0.519211	  1.56983 -0.791025   0.00292   -2.2086  0.004835   1.38761  0.001655
0.520211	  1.56984 -0.791026   0.00286  -2.20859  0.004726   1.38765  0.001609
0.521211	  1.56986 -0.791026    0.0028  -2.20859  0.004618   1.38769  0.001564
0.522211	  1.56988 -0.791027  0.002741  -2.20859  0.004512   1.38773  0.001519
0.523211	  1.56989 -0.791027  0.002682  -2.20858  0.004408   1.38778  0.001476
0.524211	  1.56991 -0.791027  0.002625  -2.20858  0.004305   1.38782  0.001433
0.525211	  1.56993 -0.791026  0.002569  -2.20857  0.004204   1.38787   0.00139
0.526211	  1.56994 -0.791026  0.002513  -2.20857  0.004105   1.38791  0.001349
0.527211	  1.56995 -0.791025  0.002458  -2.20856  0.004007   1.38796  0.001308
0.528615	  1.56997 -0.791024  0.002404  -2.20856   0.00391   1.38801  0.001267
0.529615	  1.56998 -0.791023  0.002351  -2.20856  0.003815   1.38806  0.001228
0.530615	     1.57 -0.791021  0.002299  -2.20855  0.003722   1.38811  0.001189
0.531615	 1.57001 -0.79102 0.002247 -2.20855  0.00363  1.38816 0.001151
0.532615	  1.57003 -0.791018  0.002197  -2.20854  0.003539   1.38821  0.001113
0.533615	  1.57004 -0.791016  0.002147  -2.20854   0.00345   1.38826  0.001076
0.534615	  1.57005 -0.791014  0.002098  -2.20853  0.003362   1.38831   0.00104
0.535615	  1.57007 -0.791012  0.002049  -2.20853  0.003276   1.38837  0.001004
0.536615	  1.57008 -0.791009  0.002002  -2.20852  0.003192   1.38842  0.000969
0.537615	  1.57009 -0.791007  0.001955  -2.20852  0.003108   1.38847  0.000935
0.538615	  1.57011 -0.791004  0.001909  -2.20852  0.003026   1.38853  0.000901
0.539615	  1.57012 -0.791001  0.001864  -2.20851  0.002946   1.38858  0.000867
0.540615	  1.57013 -0.790998  0.001819  -2.20851  0.002866   1.38864  0.000835
0.541615	  1.57014 -0.790995  0.001775   -2.2085  0.002788    1.3887  0.000803
0.542615	  1.57015 -0.790992  0.001732   -2.2085  0.002712   1.38875  0.000771
0.543615	  1.57016 -0.790988   0.00169   -2.2085  0.002637   1.38881  0.000741
0.544615	  1.57017 -0.790985  0.001648  -2.20849  0.002563   1.38887   0.00071
0.545615	  1.57018 -0.790981  0.001607  -2.20849   0.00249   1.38892   0.00068
0.546615	   1.5702 -0.790978  0.001567  -2.20848  0.002418   1.38898  0.000651
0.547615	  1.57021 -0.790974  0.001527  -2.20848  0.002348   1.38904  0.000623
0.548615	 1.57022 -0.79097 0.001488 -2.20847 0.002279   1.3891 0.000595
0.549615	  1.57023 -0.790966   0.00145  -2.20847  0.002212   1.38916  0.000567
0.550615	  1.57024 -0.790961  0.001412  -2.20847  0.002145   1.38922   0.00054
0.551615	  1.57025 -0.790957  0.001375  -2.20846   0.00208   1.38928  0.000514
0.552615	  1.57026 -0.790953  0.001339  -2.20846  0.002016   1.38934  0.000488
0.553615	  1.57027 -0.790948  0.001303  -2.20845  0.001953    1.3894  0.000462
0.554615	  1.57028 -0.790944  0.001268  -2.20845  0.001891   1.38946  0.000437
0.555615	  1.57028 -0.790939  0.001233  -2.20845   0.00183   1.38952  0.000413
0.556615	  1.57029 -0.790935    0.0012  -2.20844   0.00177   1.38958  0.000389
0.557615	  1.5703 -0.79093 0.001166 -2.20844 0.001712  1.38964 0.000366
0.559217	  1.57031 -0.790925  0.001134  -2.20843  0.001655    1.3897  0.000343
0.560217	 1.57032 -0.79092 0.001101 -2.20843 0.001598  1.38976  0.00032
0.561217	  1.57033 -0.790915   0.00107  -2.20843  0.001543   1.38982  0.000298
0.562217	 1.57034 -0.79091 0.001039 -2.20842 0.001489  1.38988 0.000277
0.563217	  1.57034 -0.790905  0.001008  -2.20842  0.001436   1.38994  0.000256
0.564217	 1.57035  -0.7909 0.000979 -2.20841 0.001383     1.39 0.000235
0.565217	  1.57036 -0.790895  0.000949  -2.20841  0.001332   1.39006  0.000215
0.566217	  1.57037 -0.790889  0.000921  -2.20841  0.001282   1.39012  0.000195
0.567217	  1.57037 -0.790884  0.000892   -2.2084  0.001233   1.39018  0.000176
0.568217	  1.57038 -0.790879  0.000865   -2.2084  0.001185   1.39024  0.000157
0.569217	  1.57039 -0.790873  0.000837  -2.20839  0.001138    1.3903  0.000139
0.570217	   1.5704 -0.790868  0.000811  -2.20839  0.001092   1.39036  0.000121
0.571217	   1.5704 -0.790863  0.000785  -2.20839  0.001046   1.39042  0.000103
0.572217	  1.57041 -0.790857  0.000759  -2.20838  0.001002   1.39048   8.6e-05
0.573217	  1.57042 -0.790852  0.000734  -2.20838  0.000958   1.39054   6.9e-05
0.574217	  1.57042 -0.790846  0.000709  -2.20838  0.000916    1.3906   5.3e-05
0.575217	 1.57043 -0.79084 0.000685 -2.20837 0.000874  1.39066  3.7e-05
0.576217	  1.57044 -0.790835  0.000661  -2.20837  0.000833   1.39072   2.1e-05
0.577217	  1.57044 -0.790829  0.000638  -2.20837  0.000793   1.39078     6e-06
0.578217	  1.57045 -0.790824  0.000615  -2.20836  0.000754   1.39084    -9e-06
0.579217	  1.57045 -0.790818  0.000593  -2.20836  0.000716    1.3909  -2.3e-05
0.580217	  1.57046 -0.790812  0.000571  -2.20836  0.000678   1.39096  -3.8e-05
0.581217	  1.57046 -0.790807   0.00055  -2.20835  0.000642   1.39102  -5.1e-05
0.582217	  1.57047 -0.790802  0.000531  -2.20835  0.000609   1.39107  -6.3e-05
0.583217	  1.57048 -0.790796   0.00051  -2.20835  0.000574   1.39113  -7.7e-05
0.584217	 1.57048 -0.79079  0.00049 -2.20834  0.00054  1.39119 -8.9e-05
0.585217	  1.57049 -0.790784   0.00047  -2.20834  0.000506   1.39124 -0.000102
0.586217	  1.57049 -0.790779  0.000451  -2.20833  0.000473    1.3913 -0.000114
0.587217	   1.5705 -0.790773  0.000432  -2.20833  0.000441   1.39136 -0.000126
0.588217	   1.5705 -0.790767  0.000413  -2.20833   0.00041   1.39141 -0.000137
0.589217	  1.57051 -0.790762  0.000395  -2.20832  0.000379   1.39147 -0.000148
0.590217	  1.57051 -0.790756  0.000377  -2.20832  0.000349   1.39153 -0.000159
0.591217	 1.57052 -0.79075  0.00036 -2.20832  0.00032  1.39158 -0.00017
0.592217	  1.57052 -0.790744  0.000343  -2.20832  0.000292   1.39164  -0.00018
0.593217	  1.57053 -0.790739  0.000326  -2.20831  0.000264   1.39169  -0.00019
0.594217	  1.57053 -0.790733   0.00031  -2.20831  0.000237   1.39175 -0.000199
0.595217	  1.57054 -0.790727  0.000294  -2.20831   0.00021    1.3918 -0.000209
0.596217	  1.57054 -0.790722  0.000279   -2.2083  0.000184   1.39186 -0.000218
0.597217	  1.57055 -0.790716  0.000263   -2.2083  0.000159   1.39191 -0.000227
0.598217	  1.57055  -0.79071  0.000249   -2.2083  0.000134   1.39196 -0.000235
0.599217	  1.57055 -0.790705  0.000234  -2.20829   0.00011   1.39202 -0.000243
0.600217	  1.57056 -0.790699   0.00022  -2.20829   8.7e-05   1.39207 -0.000251
0.601217	  1.57056 -0.790694  0.000206  -2.20829   6.4e-05   1.39212 -0.000259
0.602217	  1.57057 -0.790688  0.000193  -2.20829   4.2e-05   1.39217 -0.000266
0.603217	  1.57057 -0.790683  0.000179  -2.20828     2e-05   1.39223 -0.000274
0.604217	  1.57057 -0.790677  0.000166  -2.20828    -1e-06   1.39228 -0.000281
0.605217	  1.57058 -0.790672  0.000154  -2.20828  -2.2e-05   1.39233 -0.000287
0.606217	  1.57058 -0.790666  0.000141  -2.20827  -4.2e-05   1.39238 -0.000294
0.607217	  1.57058 -0.790661  0.000129  -2.20827  -6.1e-05   1.39243   -0.0003
0.608217	  1.57059 -0.790655  0.000118  -2.20827    -8e-05   1.39248 -0.000306
0.609217	  1.57059  -0.79065  0.000106  -2.20827  -9.8e-05   1.39253 -0.000312
0.610217	  1.57059 -0.790644   9.5e-05  -2.20826 -0.000116   1.39258 -0.000318
0.611217	   1.5706 -0.790639   8.4e-05  -2.20826 -0.000133   1.39263 -0.000323
0.612217	   1.5706 -0.790634   7.4e-05  -2.20826  -0.00015   1.39267 -0.000328
0.613217	  1.57061 -0.790628   6.3e-05  -2.20826 -0.000167   1.39272 -0.000333
0.614217	  1.57061 -0.790623   5.3e-05  -2.20825 -0.000183   1.39277 -0.000338
0.615217	  1.57061 -0.790618   4.4e-05  -2.20825 -0.000198   1.39281 -0.000342
0.616217	  1.57062 -0.790613   3.4e-05  -2.20825 -0.000213   1.39286 -0.000347
0.617217	  1.57062 -0.790608   2.5e-05  -2.20824 -0.000228   1.39291 -0.000351
0.618217	  1.57062 -0.790602   1.6e-05  -2.20824 -0.000242   1.39295 -0.000355
0.619217	  1.57062 -0.790597     7e-06  -2.20824 -0.000255     1.393 -0.000359
0.620217	  1.57063 -0.790592    -2e-06  -2.20824 -0.000268   1.39304 -0.000362
0.621217	  1.57063 -0.790587    -1e-05  -2.20824 -0.000281   1.39309 -0.000366
0.622217	  1.57063 -0.790582  -1.8e-05  -2.20823 -0.000294   1.39313 -0.000369
0.623217	  1.57064 -0.790577  -2.6e-05  -2.20823 -0.000306   1.39317 -0.000372
0.624217	  1.57064 -0.790572  -3.3e-05  -2.20823 -0.000317   1.39322 -0.000375
0.625217	  1.57064 -0.790568  -4.1e-05  -2.20823 -0.000328   1.39326 -0.000378
0.626217	  1.57064 -0.790563  -4.8e-05  -2.20822 -0.000339    1.3933  -0.00038
0.627217	  1.57065 -0.790558  -5.5e-05  -2.20822  -0.00035   1.39334 -0.000383
0.628217	  1.57065 -0.790553  -6.2e-05  -2.20822  -0.00036   1.39339 -0.000385
0.629217	  1.57065 -0.790548  -6.8e-05  -2.20822 -0.000369   1.39343 -0.000387
0.630217	  1.57065 -0.790544  -7.5e-05  -2.20822 -0.000379   1.39347 -0.000389
0.631217	  1.57065 -0.790539  -8.1e-05  -2.20821 -0.000388   1.39351 -0.000391
0.632217	  1.57066 -0.790534  -8.7e-05  -2.20821 -0.000396   1.39355 -0.000393
0.633217	  1.57066  -0.79053  -9.3e-05  -2.20821 -0.000404   1.39359 -0.000394
0.634217	  1.57066 -0.790525  -9.8e-05  -2.20821 -0.000412   1.39362 -0.000396
0.635217	  1.57066 -0.790521 -0.000104   -2.2082  -0.00042   1.39366 -0.000397
0.636217	  1.57067 -0.790516 -0.000109   -2.2082 -0.000427    1.3937 -0.000398
0.637217	  1.57067 -0.790512 -0.000114   -2.2082 -0.000434   1.39374 -0.000399
0.638217	  1.57067 -0.790508 -0.000119   -2.2082 -0.000441   1.39377   -0.0004
0.639217	  1.57067 -0.790503 -0.000124   -2.2082 -0.000448   1.39381 -0.000401
0.640217	  1.57068 -0.790499 -0.000128   -2.2082 -0.000454   1.39385 -0.000402
0.641217	  1.57068 -0.790495 -0.000133  -2.20819  -0.00046   1.39388 -0.000402
0.642217	  1.57068  -0.79049 -0.000137  -2.20819 -0.000465   1.39392 -0.000403
0.643217	  1.57068 -0.790486 -0.000141  -2.20819 -0.000471   1.39395 -0.000403
0.644217	  1.57068 -0.790482 -0.000145  -2.20819 -0.000476   1.39399 -0.000403
0.645217	  1.57069 -0.790478 -0.000149  -2.20819  -0.00048   1.39402 -0.000403
0.646217	  1.57069 -0.790474 -0.000153  -2.20818 -0.000485   1.39406 -0.000403
0.647217	  1.57069  -0.79047 -0.000156  -2.20818 -0.000489   1.39409 -0.000403
0.648217	  1.57069 -0.790466 -0.000159  -2.20818 -0.000493   1.39412 -0.000403
0.649217	  1.57069 -0.790462 -0.000163  -2.20818 -0.000497   1.39416 -0.000403
0.650217	  1.57069 -0.790458 -0.000166  -2.20818   -0.0005   1.39419 -0.000403
0.651217	  1.57069 -0.790454 -0.000169  -2.20818 -0.000504   1.39422 -0.000402
0.652217	   1.5707 -0.790451 -0.000172  -2.20818 -0.000507   1.39425 -0.000402
0.653217	   1.5707 -0.790447 -0.000174  -2.20817  -0.00051   1.39428 -0.000401
0.654217	   1.5707 -0.790443 -0.000177  -2.20817 -0.000512   1.39431   -0.0004
0.655217	   1.5707 -0.790439 -0.000179  -2.20817 -0.000515   1.39434   -0.0004
0.656217	   1.5707 -0.790436 -0.000182  -2.20817 -0.000517   1.39437 -0.000399
0.657217	  1.57071 -0.790432 -0.000184  -2.20817 -0.000519    1.3944 -0.000398
0.658217	  1.57071 -0.790429 -0.000186  -2.20817 -0.000521   1.39443 -0.000397
0.659217	  1.57071 -0.790425 -0.000188  -2.20817 -0.000523   1.39446 -0.000396
0.660217	  1.57071 -0.790422  -0.00019  -2.20816 -0.000524   1.39449 -0.000395
0.661217	  1.57071 -0.790418 -0.000192  -2.20816 -0.000526   1.39451 -0.000393
0.662217	  1.57071 -0.790415 -0.000193  -2.20816 -0.000527   1.39454 -0.000392
0.663217	  1.57071 -0.790412 -0.000195  -2.20816 -0.000528   1.39457 -0.000391
0.664217	  1.57072 -0.790408 -0.000197  -2.20816 -0.000528   1.39459 -0.000389
0.665217	  1.57072 -0.790405 -0.000198  -2.20816 -0.000529   1.39462 -0.000388
0.666217	  1.57072 -0.790402 -0.000199  -2.20816  -0.00053   1.39465 -0.000386
0.667217	  1.57072 -0.790399   -0.0002  -2.20815  -0.00053   1.39467 -0.000385
0.668217	  1.57072 -0.790396 -0.000202  -2.20815  -0.00053    1.3947 -0.000383
0.669217	  1.57072 -0.790392 -0.000203  -2.20815  -0.00053   1.39472 -0.000381
0.670217	  1.57072 -0.790389 -0.000204  -2.20815  -0.00053   1.39474  -0.00038
0.671217	  1.57072 -0.790386 -0.000204  -2.20815  -0.00053   1.39477 -0.000378
0.672217	  1.57072 -0.790383 -0.000205  -2.20815 -0.000529   1.39479 -0.000376
0.673217	  1.57073 -0.790381 -0.000206  -2.20815 -0.000529   1.39482 -0.000374
0.674217	  1.57073 -0.790378 -0.000207  -2.20815 -0.000528   1.39484 -0.000372
0.675217	  1.57073 -0.790375 -0.000207  -2.20815 -0.000527   1.39486  -0.00037
0.676217	  1.57073 -0.790372 -0.000208  -2.20814 -0.000526   1.39488 -0.000368
0.677217	  1.57073 -0.790369 -0.000208  -2.20814 -0.000525   1.39491 -0.000366
0.678217	  1.57073 -0.790367 -0.000208  -2.20814 -0.000524   1.39493 -0.000364
0.679217	  1.57073 -0.790364 -0.000209  -2.20814 -0.000523   1.39495 -0.000362
0.680217	  1.57073 -0.790361 -0.000209  -2.20814 -0.000522   1.39497  -0.00036
0.681217	  1.57073 -0.790359 -0.000209  -2.20814  -0.00052   1.39499 -0.000358
0.682217	  1.57074 -0.790356 -0.000209  -2.20814 -0.000519   1.39501 -0.000355
0.683217	  1.57074 -0.790353 -0.000209  -2.20814 -0.000517   1.39503 -0.000353
0.684217	  1.57074 -0.790351 -0.000209  -2.20814 -0.000515   1.39505 -0.000351
0.685217	  1.57074 -0.790349 -0.000209  -2.20813 -0.000513   1.39507 -0.000348
0.686217	  1.57074 -0.790346 -0.000209  -2.20813 -0.000511   1.39509 -0.000346
0.687217	  1.57074 -0.790344 -0.000209  -2.20813 -0.000509   1.39511 -0.000344
0.688217	  1.57074 -0.790341 -0.000208  -2.20813 -0.000507   1.39512 -0.000341
0.69103	  1.57074 -0.790339 -0.000208  -2.20813 -0.000505   1.39514 -0.000339
0.69203	  1.57074 -0.790337 -0.000208  -2.20813 -0.000503   1.39516 -0.000336
0.69303	  1.57074 -0.790335 -0.000207  -2.20813   -0.0005   1.39518 -0.000334
0.69403	  1.57075 -0.790332 -0.000207  -2.20813 -0.000498   1.39519 -0.000331
0.69503	  1.57075  -0.79033 -0.000206  -2.20813 -0.000496   1.39521 -0.000329
0.69603	  1.57075 -0.790328 -0.000206  -2.20813 -0.000493   1.39523 -0.000326
0.69703	  1.57075 -0.790326 -0.000205  -2.20813  -0.00049   1.39524 -0.000324
0.69803	  1.57075 -0.790324 -0.000204  -2.20813 -0.000488   1.39526 -0.000321
0.69903	  1.57075 -0.790322 -0.000204  -2.20813 -0.000485   1.39527 -0.000319
0.70003	  1.57075  -0.79032 -0.000203  -2.20812 -0.000482   1.39529 -0.000316
0.70103	  1.57075 -0.790318 -0.000202  -2.20812 -0.000479    1.3953 -0.000314
0.70203	  1.57075 -0.790316 -0.000201  -2.20812 -0.000476   1.39532 -0.000311
0.70303	  1.57075 -0.790314 -0.000201  -2.20812 -0.000473   1.39533 -0.000308
0.70403	  1.57075 -0.790312   -0.0002  -2.20812  -0.00047   1.39535 -0.000306
0.70503	  1.57075  -0.79031 -0.000199  -2.20812 -0.000467   1.39536 -0.000303
0.70603	  1.57075 -0.790309 -0.000198  -2.20812 -0.000464   1.39538   -0.0003
0.70703	  1.57075 -0.790307 -0.000197  -2.20812 -0.000461   1.39539 -0.000298
0.70803	  1.57075 -0.790305 -0.000196  -2.20812 -0.000458    1.3954 -0.000295
0.70903	  1.57076 -0.790303 -0.000195  -2.20812 -0.000455   1.39542 -0.000293
0.71003	  1.57076 -0.790302 -0.000194  -2.20812 -0.000451   1.39543  -0.00029
0.71103	  1.57076   -0.7903 -0.000193  -2.20812 -0.000448   1.39544 -0.000287
0.71203	  1.57076 -0.790298 -0.000192  -2.20812 -0.000445   1.39545 -0.000285
0.71303	  1.57076 -0.790297 -0.000191  -2.20812 -0.000441   1.39546 -0.000282
0.71403	  1.57076 -0.790295 -0.000189  -2.20812 -0.000438   1.39548 -0.000279
0.71503	  1.57076 -0.790294 -0.000188  -2.20812 -0.000435   1.39549 -0.000276
0.71603	  1.57076 -0.790292 -0.000187  -2.20812 -0.000431    1.3955 -0.000274
0.71703	  1.57076 -0.790291 -0.000186  -2.20812 -0.000428   1.39551 -0.000271
0.71803	  1.57076 -0.790289 -0.000185  -2.20811 -0.000424   1.39552 -0.000268
0.71903	  1.57076 -0.790288 -0.000183  -2.20811 -0.000421   1.39553 -0.000266
0.72003	  1.57076 -0.790287 -0.000182  -2.20811 -0.000417   1.39554 -0.000263
0.72103	  1.57076 -0.790285 -0.000181  -2.20811 -0.000414   1.39555  -0.00026
0.72203	  1.57076 -0.790284 -0.000179  -2.20811  -0.00041   1.39556 -0.000258
0.72303	  1.57076 -0.790283 -0.000178  -2.20811 -0.000406   1.39557 -0.000255
0.72403	  1.57076 -0.790281 -0.000177  -2.20811 -0.000403   1.39558 -0.000252
0.72503	  1.57076  -0.79028 -0.000175  -2.20811 -0.000399   1.39559  -0.00025
0.72603	  1.57076 -0.790279 -0.000174  -2.20811 -0.000396    1.3956 -0.000247
0.72703	  1.57077 -0.790278 -0.000173  -2.20811 -0.000392   1.39561 -0.000244
0.72803	  1.57077 -0.790276 -0.000171  -2.20811 -0.000388   1.39561 -0.000242
0.72903	  1.57077 -0.790275  -0.00017  -2.20811 -0.000385   1.39562 -0.000239
0.73003	  1.57077 -0.790274 -0.000169  -2.20811 -0.000381   1.39563 -0.000237
0.73103	  1.57077 -0.790273 -0.000167  -2.20811 -0.000377   1.39564 -0.000234
0.73203	  1.57077 -0.790272 -0.000166  -2.20811 -0.000374   1.39565 -0.000231
0.73303	  1.57077 -0.790271 -0.000164  -2.20811  -0.00037   1.39565 -0.000229
0.73403	  1.57077  -0.79027 -0.000163  -2.20811 -0.000366   1.39566 -0.000226
0.73503	  1.57077 -0.790269 -0.000161  -2.20811 -0.000363   1.39567 -0.000224
0.73603	  1.57077 -0.790268  -0.00016  -2.20811 -0.000359   1.39568 -0.000221
0.73703	  1.57077 -0.790267 -0.000158  -2.20811 -0.000355   1.39568 -0.000218
0.73803	  1.57077 -0.790266 -0.000157  -2.20811 -0.000351   1.39569 -0.000216
0.73903	  1.57077 -0.790265 -0.000156  -2.20811 -0.000348    1.3957 -0.000213
0.74003	  1.57077 -0.790264 -0.000154  -2.20811 -0.000344    1.3957 -0.000211
0.74103	  1.57077 -0.790263 -0.000153  -2.20811  -0.00034   1.39571 -0.000208
0.74203	  1.57077 -0.790263 -0.000151  -2.20811 -0.000337   1.39572 -0.000206
0.74303	  1.57077 -0.790262  -0.00015  -2.20811 -0.000333   1.39572 -0.000203
0.74403	  1.57077 -0.790261 -0.000148  -2.20811 -0.000329   1.39573 -0.000201
0.74503	  1.57077  -0.79026 -0.000147  -2.20811 -0.000326   1.39573 -0.000198
0.74603	  1.57077 -0.790259 -0.000145  -2.20811 -0.000322   1.39574 -0.000196
0.74703	  1.57077 -0.790259 -0.000144  -2.20811 -0.000318   1.39574 -0.000194
0.74803	  1.57078 -0.790258 -0.000142  -2.20811 -0.000315   1.39575 -0.000191
0.74903	  1.57078 -0.790257 -0.000141  -2.20811 -0.000311   1.39575 -0.000189
0.75003	  1.57078 -0.790256 -0.000139  -2.20811 -0.000308   1.39576 -0.000186
0.75103	  1.57078 -0.790256 -0.000138  -2.20811 -0.000304   1.39576 -0.000184
0.75203	  1.57078 -0.790255 -0.000136  -2.20811   -0.0003   1.39577 -0.000182
0.75303	  1.57078 -0.790254 -0.000135  -2.20811 -0.000297   1.39577 -0.000179
0.75403	  1.57078 -0.790254 -0.000133  -2.20811 -0.000293   1.39578 -0.000177
0.75503	  1.57078 -0.790253 -0.000132  -2.20811  -0.00029   1.39578 -0.000175
0.75603	  1.57078 -0.790253  -0.00013  -2.20811 -0.000286   1.39578 -0.000172
0.75703	  1.57078 -0.790252 -0.000129  -2.20811 -0.000283   1.39579  -0.00017
0.75803	  1.57078 -0.790252 -0.000127  -2.20811 -0.000279   1.39579 -0.000168
0.75903	  1.57078 -0.790251 -0.000126  -2.20811 -0.000276   1.39579 -0.000165
0.76003	  1.57078 -0.790251 -0.000124  -2.20811 -0.000272    1.3958 -0.000163
0.76103	  1.57078  -0.79025 -0.000123  -2.20811 -0.000269    1.3958 -0.000161
0.76203	  1.57078  -0.79025 -0.000121  -2.20811 -0.000266    1.3958 -0.000159
0.76303	  1.57078 -0.790249  -0.00012  -2.20811 -0.000262   1.39581 -0.000157
0.76403	  1.57078 -0.790249 -0.000119  -2.20811 -0.000259   1.39581 -0.000154
0.76503	  1.57078 -0.790248 -0.000117  -2.20811 -0.000255   1.39581 -0.000152
0.76603	  1.57078 -0.790248 -0.000116  -2.20811 -0.000252   1.39582  -0.00015
0.76703	  1.57078 -0.790247 -0.000114  -2.20811 -0.000249   1.39582 -0.000148
0.76803	  1.57078 -0.790247 -0.000113  -2.20811 -0.000245   1.39582 -0.000146
0.76903	  1.57078 -0.790247 -0.000111  -2.20811 -0.000242   1.39583 -0.000144
0.77003	  1.57078 -0.790246  -0.00011  -2.20811 -0.000239   1.39583 -0.000142
0.77103	  1.57078 -0.790246 -0.000109  -2.20811 -0.000236   1.39583  -0.00014
0.77203	  1.57078 -0.790245 -0.000107  -2.20811 -0.000232   1.39583 -0.000138
0.77303	  1.57078 -0.790245 -0.000106  -2.20811 -0.000229   1.39583 -0.000136
0.77403	  1.57078 -0.790245 -0.000104  -2.20811 -0.000226   1.39584 -0.000134
0.77503	  1.57078 -0.790245 -0.000103  -2.20811 -0.000223   1.39584 -0.000132
0.77603	  1.57078 -0.790244 -0.000102  -2.20811  -0.00022   1.39584  -0.00013
0.77703	  1.57078 -0.790244   -0.0001  -2.20811 -0.000217   1.39584 -0.000128
0.77803	  1.57078 -0.790244  -9.9e-05  -2.20811 -0.000214   1.39584 -0.000126
0.77903	  1.57078 -0.790243  -9.8e-05  -2.20811 -0.000211   1.39585 -0.000124
0.78003	  1.57078 -0.790243  -9.6e-05  -2.20811 -0.000207   1.39585 -0.000122
0.78103	  1.57078 -0.790243  -9.5e-05  -2.20811 -0.000204   1.39585  -0.00012
0.78203	  1.57078 -0.790243  -9.4e-05  -2.20811 -0.000201   1.39585 -0.000118
0.78303	  1.57078 -0.790243  -9.2e-05  -2.20811 -0.000199   1.39585 -0.000117
0.78403	  1.57078 -0.790242  -9.1e-05  -2.20811 -0.000196   1.39585 -0.000115
0.78503	  1.57078 -0.790242    -9e-05  -2.20811 -0.000193   1.39585 -0.000113
0.78603	  1.57079 -0.790242  -8.8e-05  -2.20811  -0.00019   1.39585 -0.000111
0.78703	  1.57079 -0.790242  -8.7e-05  -2.20811 -0.000187   1.39586 -0.000109
0.78803	  1.57079 -0.790242  -8.6e-05  -2.20811 -0.000184   1.39586 -0.000108
0.78903	  1.57079 -0.790241  -8.5e-05  -2.20811 -0.000181   1.39586 -0.000106
0.79003	  1.57079 -0.790241  -8.3e-05  -2.20811 -0.000178   1.39586 -0.000104
0.79103	  1.57079 -0.790241  -8.2e-05  -2.20811 -0.000176   1.39586 -0.000103
0.79203	  1.57079 -0.790241  -8.1e-05  -2.20811 -0.000173   1.39586 -0.000101
0.79303	  1.57079 -0.790241    -8e-05  -2.20811  -0.00017   1.39586  -9.9e-05
0.79403	  1.57079 -0.790241  -7.8e-05  -2.20811 -0.000168   1.39586  -9.8e-05
0.79503	  1.57079 -0.790241  -7.7e-05  -2.20811 -0.000165   1.39586  -9.6e-05
0.79603	  1.57079 -0.790241  -7.6e-05  -2.20811 -0.000162   1.39586  -9.4e-05
0.79703	  1.57079 -0.790241  -7.5e-05  -2.20811  -0.00016   1.39586  -9.3e-05
0.79803	  1.57079 -0.790241  -7.4e-05  -2.20811 -0.000157   1.39586  -9.1e-05
0.79903	  1.57079  -0.79024  -7.3e-05  -2.20811 -0.000154   1.39586    -9e-05
0.80003	  1.57079  -0.79024  -7.1e-05  -2.20811 -0.000152   1.39586  -8.8e-05
0.80103	  1.57079  -0.79024    -7e-05  -2.20811 -0.000149   1.39586  -8.7e-05
0.80203	  1.57079  -0.79024  -6.9e-05  -2.20811 -0.000147   1.39586  -8.5e-05
0.80303	  1.57079  -0.79024  -6.8e-05  -2.20811 -0.000144   1.39586  -8.4e-05
0.80403	  1.57079  -0.79024  -6.7e-05  -2.20811 -0.000142   1.39586  -8.2e-05
0.80503	 1.57079 -0.79024 -6.6e-05 -2.20811 -0.00014  1.39586 -8.1e-05
0.80603	  1.57079  -0.79024  -6.5e-05  -2.20811 -0.000137   1.39586  -7.9e-05
0.80703	  1.57079  -0.79024  -6.4e-05  -2.20811 -0.000135   1.39586  -7.8e-05
0.80803	  1.57079  -0.79024  -6.3e-05  -2.20811 -0.000133   1.39586  -7.6e-05
0.80903	 1.57079 -0.79024 -6.2e-05 -2.20811 -0.00013  1.39586 -7.5e-05
0.81003	  1.57079  -0.79024  -6.1e-05  -2.20811 -0.000128   1.39586  -7.4e-05
0.81103	  1.57079  -0.79024    -6e-05  -2.20811 -0.000126   1.39586  -7.2e-05
0.81203	  1.57079  -0.79024  -5.8e-05  -2.20811 -0.000124   1.39586  -7.1e-05
0.81303	  1.57079  -0.79024  -5.7e-05  -2.20811 -0.000121   1.39586    -7e-05
0.81403	  1.57079  -0.79024  -5.6e-05  -2.20811 -0.000119   1.39586  -6.8e-05
0.81503	  1.57079  -0.79024  -5.5e-05  -2.20811 -0.000117   1.39586  -6.7e-05
0.81603	  1.57079  -0.79024  -5.5e-05  -2.20811 -0.000115   1.39586  -6.6e-05
0.81703	  1.57079  -0.79024  -5.4e-05  -2.20811 -0.000113   1.39586  -6.5e-05
0.81803	  1.57079 -0.790241  -5.3e-05  -2.20811 -0.000111   1.39586  -6.3e-05
0.81903	  1.57079 -0.790241  -5.2e-05  -2.20811 -0.000109   1.39586  -6.2e-05
0.82003	  1.57079 -0.790241  -5.1e-05  -2.20811 -0.000107   1.39586  -6.1e-05
0.82103	  1.57079 -0.790241    -5e-05  -2.20811 -0.000105   1.39585    -6e-05
0.82203	  1.57079 -0.790241  -4.9e-05  -2.20811 -0.000103   1.39585  -5.9e-05
0.82303	  1.57079 -0.790241  -4.8e-05  -2.20811 -0.000101   1.39585  -5.7e-05
0.82403	  1.57079 -0.790241  -4.7e-05  -2.20811  -9.9e-05   1.39585  -5.6e-05
0.82503	  1.57079 -0.790241  -4.6e-05  -2.20811  -9.7e-05   1.39585  -5.5e-05
0.82603	  1.57079 -0.790241  -4.5e-05  -2.20811  -9.5e-05   1.39585  -5.4e-05
0.82703	  1.57079 -0.790241  -4.4e-05  -2.20811  -9.3e-05   1.39585  -5.3e-05
0.82803	  1.57079 -0.790241  -4.4e-05  -2.20811  -9.1e-05   1.39585  -5.2e-05
0.82903	  1.57079 -0.790241  -4.3e-05  -2.20811  -8.9e-05   1.39585  -5.1e-05
0.83003	  1.57079 -0.790242  -4.2e-05  -2.20811  -8.8e-05   1.39585    -5e-05
0.83103	  1.57079 -0.790242  -4.1e-05  -2.20811  -8.6e-05   1.39585  -4.9e-05
0.83203	  1.57079 -0.790242    -4e-05  -2.20811  -8.4e-05   1.39585  -4.8e-05
0.83303	  1.57079 -0.790242    -4e-05  -2.20811  -8.2e-05   1.39584  -4.7e-05
0.83403	  1.57079 -0.790242  -3.9e-05  -2.20811  -8.1e-05   1.39584  -4.6e-05
0.83503	  1.57079 -0.790242  -3.8e-05  -2.20811  -7.9e-05   1.39584  -4.5e-05
0.83603	  1.57079 -0.790242  -3.7e-05  -2.20811  -7.7e-05   1.39584  -4.4e-05
0.83703	  1.57079 -0.790242  -3.6e-05  -2.20811  -7.6e-05   1.39584  -4.3e-05
0.83803	  1.57079 -0.790242  -3.6e-05  -2.20811  -7.4e-05   1.39584  -4.2e-05
0.83903	  1.57079 -0.790243  -3.5e-05  -2.20811  -7.3e-05   1.39584  -4.1e-05
0.84003	  1.57079 -0.790243  -3.4e-05  -2.20811  -7.1e-05   1.39584    -4e-05
0.84103	  1.57079 -0.790243  -3.3e-05  -2.20811  -6.9e-05   1.39584  -3.9e-05
0.84203	  1.57079 -0.790243  -3.3e-05  -2.20811  -6.8e-05   1.39583  -3.8e-05
0.84303	  1.57079 -0.790243  -3.2e-05  -2.20811  -6.6e-05   1.39583  -3.7e-05
0.84403	  1.57079 -0.790243  -3.1e-05  -2.20811  -6.5e-05   1.39583  -3.7e-05
0.84503	  1.57079 -0.790243  -3.1e-05  -2.20811  -6.3e-05   1.39583  -3.6e-05
0.84603	  1.57079 -0.790244    -3e-05  -2.20811  -6.2e-05   1.39583  -3.5e-05
0.84703	  1.57079 -0.790244  -2.9e-05  -2.20811  -6.1e-05   1.39583  -3.4e-05
0.84803	  1.57079 -0.790244  -2.9e-05  -2.20811  -5.9e-05   1.39583  -3.3e-05
0.84903	  1.57079 -0.790244  -2.8e-05  -2.20811  -5.8e-05   1.39583  -3.3e-05
0.85003	  1.57079 -0.790244  -2.7e-05  -2.20811  -5.7e-05   1.39583  -3.2e-05
0.85103	  1.57079 -0.790244  -2.7e-05  -2.20811  -5.5e-05   1.39582  -3.1e-05
0.85203	  1.57079 -0.790244  -2.6e-05  -2.20811  -5.4e-05   1.39582    -3e-05
0.85303	  1.57079 -0.790245  -2.6e-05  -2.20811  -5.3e-05   1.39582  -2.9e-05
0.85403	  1.57079 -0.790245  -2.5e-05  -2.20811  -5.1e-05   1.39582  -2.9e-05
0.85503	  1.57079 -0.790245  -2.4e-05  -2.20812    -5e-05   1.39582  -2.8e-05
0.85603	  1.57079 -0.790245  -2.4e-05  -2.20812  -4.9e-05   1.39582  -2.7e-05
0.85703	  1.57079 -0.790245  -2.3e-05  -2.20812  -4.8e-05   1.39582  -2.7e-05
0.85803	  1.57079 -0.790245  -2.3e-05  -2.20812  -4.6e-05   1.39582  -2.6e-05
0.85903	  1.57079 -0.790246  -2.2e-05  -2.20812  -4.5e-05   1.39581  -2.5e-05
0.86003	  1.57079 -0.790246  -2.2e-05  -2.20812  -4.4e-05   1.39581  -2.5e-05
0.86103	  1.57079 -0.790246  -2.1e-05  -2.20812  -4.3e-05   1.39581  -2.4e-05
0.86203	  1.57079 -0.790246    -2e-05  -2.20812  -4.2e-05   1.39581  -2.3e-05
0.86303	  1.57079 -0.790246    -2e-05  -2.20812  -4.1e-05   1.39581  -2.3e-05
0.86403	  1.57079 -0.790246  -1.9e-05  -2.20812    -4e-05   1.39581  -2.2e-05
0.86503	  1.57079 -0.790247  -1.9e-05  -2.20812  -3.9e-05   1.39581  -2.1e-05
0.86603	  1.57079 -0.790247  -1.8e-05  -2.20812  -3.7e-05    1.3958  -2.1e-05
0.86703	  1.57079 -0.790247  -1.8e-05  -2.20812  -3.6e-05    1.3958    -2e-05
0.86803	  1.57079 -0.790247  -1.7e-05  -2.20812  -3.4e-05    1.3958  -1.9e-05
0.86903	  1.57079 -0.790247  -1.6e-05  -2.20812  -3.3e-05    1.3958  -1.9e-05
0.87003	  1.57079 -0.790247  -1.6e-05  -2.20812  -3.3e-05    1.3958  -1.9e-05
0.87103	  1.57079 -0.790248  -1.6e-05  -2.20812  -3.2e-05    1.3958  -1.8e-05
0.87203	  1.57079 -0.790248  -1.6e-05  -2.20812  -3.2e-05    1.3958  -1.7e-05
0.87303	  1.57079 -0.790248  -1.5e-05  -2.20812  -3.1e-05    1.3958  -1.7e-05
0.87403	  1.57079 -0.790248  -1.5e-05  -2.20812    -3e-05   1.39579  -1.6e-05
0.87503	  1.57079 -0.790248  -1.4e-05  -2.20812  -2.9e-05   1.39579  -1.6e-05
0.87603	  1.57079 -0.790248  -1.4e-05  -2.20812  -2.8e-05   1.39579  -1.5e-05
0.87703	  1.57079 -0.790249  -1.3e-05  -2.20812  -2.7e-05   1.39579  -1.5e-05
0.87803	  1.57079 -0.790249  -1.3e-05  -2.20812  -2.6e-05   1.39579  -1.4e-05
0.87903	  1.57079 -0.790249  -1.3e-05  -2.20812  -2.5e-05   1.39579  -1.4e-05
0.88003	  1.57079 -0.790249  -1.2e-05  -2.20812  -2.5e-05   1.39579  -1.4e-05
0.88103	  1.57079 -0.790249  -1.2e-05  -2.20812  -2.4e-05   1.39579  -1.3e-05
0.88203	  1.57079 -0.790249  -1.1e-05  -2.20812  -2.3e-05   1.39578  -1.3e-05
0.88303	 1.57079 -0.79025 -1.1e-05 -2.20812 -2.2e-05  1.39578 -1.2e-05
0.88403	 1.57079 -0.79025 -1.1e-05 -2.20812 -2.1e-05  1.39578 -1.2e-05
0.88503	 1.57079 -0.79025   -1e-05 -2.20812 -2.1e-05  1.39578 -1.1e-05
0.88603	 1.57079 -0.79025   -1e-05 -2.20812   -2e-05  1.39578 -1.1e-05
0.88703	 1.57079 -0.79025   -1e-05 -2.20812 -1.9e-05  1.39578   -1e-05
0.88803	 1.57079 -0.79025   -9e-06 -2.20812 -1.8e-05  1.39578   -1e-05
0.88903	  1.57079 -0.790251    -9e-06  -2.20812  -1.8e-05   1.39578    -1e-05
0.89003	  1.57079 -0.790251    -9e-06  -2.20812  -1.7e-05   1.39577    -9e-06
0.89103	  1.57079 -0.790251    -8e-06  -2.20812  -1.6e-05   1.39577    -9e-06
0.89203	  1.57079 -0.790251    -8e-06  -2.20812  -1.6e-05   1.39577    -9e-06
0.89303	  1.57079 -0.790251    -8e-06  -2.20812  -1.5e-05   1.39577    -8e-06
0.89403	  1.57079 -0.790251    -7e-06  -2.20812  -1.4e-05   1.39577    -8e-06
0.89503	  1.57079 -0.790252    -7e-06  -2.20812  -1.4e-05   1.39577    -8e-06
0.89603	  1.57079 -0.790252    -7e-06  -2.20812  -1.3e-05   1.39577    -7e-06
0.89703	  1.57079 -0.790252    -7e-06  -2.20812  -1.3e-05   1.39577    -7e-06
0.89803	  1.57079 -0.790252    -6e-06  -2.20812  -1.2e-05   1.39576    -7e-06
0.89903	  1.57079 -0.790252    -6e-06  -2.20812  -1.2e-05   1.39576    -6e-06
0.90003	  1.57079 -0.790252    -6e-06  -2.20812  -1.1e-05   1.39576    -6e-06
0.90103	  1.57079 -0.790253    -5e-06  -2.20812    -1e-05   1.39576    -6e-06
0.90203	  1.57079 -0.790253    -5e-06  -2.20812    -1e-05   1.39576    -5e-06
0.90303	  1.57079 -0.790253    -5e-06  -2.20812    -9e-06   1.39576    -5e-06
0.90403	  1.57079 -0.790253    -5e-06  -2.20812    -9e-06   1.39576    -5e-06
0.90503	  1.57079 -0.790253    -4e-06  -2.20812    -8e-06   1.39576    -4e-06
0.90603	  1.57079 -0.790253    -4e-06  -2.20812    -8e-06   1.39576    -4e-06
0.90703	  1.57079 -0.790253    -4e-06  -2.20812    -7e-06   1.39576    -4e-06
0.90803	  1.57079 -0.790254    -4e-06  -2.20812    -7e-06   1.39575    -4e-06
0.90903	  1.57079 -0.790254    -3e-06  -2.20812    -6e-06   1.39575    -3e-06
0.91003	  1.57079 -0.790254    -3e-06  -2.20812    -6e-06   1.39575    -3e-06
0.91103	  1.57079 -0.790254    -3e-06  -2.20812    -6e-06   1.39575    -3e-06
0.91203	  1.57079 -0.790254    -3e-06  -2.20812    -5e-06   1.39575    -3e-06
0.91303	  1.57079 -0.790254    -3e-06  -2.20812    -5e-06   1.39575    -2e-06
0.91403	  1.57079 -0.790255    -2e-06  -2.20812    -4e-06   1.39575    -2e-06
0.91503	  1.57079 -0.790255    -2e-06  -2.20812    -4e-06   1.39575    -2e-06
0.91603	  1.57079 -0.790255    -2e-06  -2.20812    -3e-06   1.39575    -2e-06
0.91703	  1.57079 -0.790255    -2e-06  -2.20812    -3e-06   1.39574    -2e-06
0.91803	  1.57079 -0.790255    -2e-06  -2.20812    -3e-06   1.39574    -1e-06
0.91903	  1.57079 -0.790255    -1e-06  -2.20812    -2e-06   1.39574    -1e-06
0.92003	  1.57079 -0.790255    -1e-06  -2.20812    -2e-06   1.39574    -1e-06
0.92103	  1.57079 -0.790256    -1e-06  -2.20812    -2e-06   1.39574    -1e-06
0.92203	  1.57079 -0.790256    -1e-06  -2.20812    -1e-06   1.39574    -1e-06
0.92303	  1.57079 -0.790256    -1e-06  -2.20812    -1e-06   1.39574        -0
0.92403	  1.57079 -0.790256    -1e-06  -2.20812    -1e-06   1.39574        -0
0.92503	  1.57079 -0.790256    -1e-06  -2.20812        -0   1.39574        -0
0.92603	  1.57079 -0.790256        -0  -2.20812        -0   1.39573         0
0.92703	  1.57079 -0.790256        -0  -2.20812         0   1.39573         0
0.92803	  1.57079 -0.790256        -0  -2.20812     1e-06   1.39573         0
0.92903	  1.57079 -0.790257         0  -2.20812     1e-06   1.39573     1e-06
0.93003	  1.57079 -0.790257         0  -2.20812     1e-06   1.39573     1e-06
0.93103	  1.57079 -0.790257         0  -2.20812     1e-06   1.39573     1e-06
0.93203	  1.57079 -0.790257         0  -2.20812     2e-06   1.39573     1e-06
0.93303	  1.57079 -0.790257     1e-06  -2.20812     2e-06   1.39573     1e-06
0.93403	  1.57079 -0.790257     1e-06  -2.20812     2e-06   1.39573     1e-06
0.93503	  1.57079 -0.790257     1e-06  -2.20812     2e-06   1.39573     1e-06
0.93603	  1.57079 -0.790257     1e-06  -2.20813     3e-06   1.39573     2e-06
0.93703	  1.57079 -0.790258     1e-06  -2.20813     3e-06   1.39573     2e-06
0.93803	  1.57079 -0.790258     1e-06  -2.20813     3e-06   1.39573     2e-06
0.93903	   1.5708 -0.790258     1e-06  -2.20813     3e-06   1.39572     2e-06
0.94003	   1.5708 -0.790258     1e-06  -2.20813     3e-06   1.39572     2e-06
0.94103	   1.5708 -0.790258     1e-06  -2.20813     4e-06   1.39572     2e-06
0.94203	   1.5708 -0.790258     2e-06  -2.20813     4e-06   1.39572     2e-06
0.94303	   1.5708 -0.790258     2e-06  -2.20813     4e-06   1.39572     2e-06
0.94403	   1.5708 -0.790258     2e-06  -2.20813     4e-06   1.39572     2e-06
0.94503	   1.5708 -0.790258     2e-06  -2.20813     4e-06   1.39572     2e-06
0.94603	   1.5708 -0.790259     2e-06  -2.20813     5e-06   1.39572     3e-06
0.94703	   1.5708 -0.790259     2e-06  -2.20813     5e-06   1.39572     3e-06
0.94803	   1.5708 -0.790259     2e-06  -2.20813     5e-06   1.39572     3e-06
0.94903	   1.5708 -0.790259     2e-06  -2.20813     5e-06   1.39572     3e-06
0.95003	   1.5708 -0.790259     2e-06  -2.20813     5e-06   1.39572     3e-06
0.95103	   1.5708 -0.790259     2e-06  -2.20813     5e-06   1.39572     3e-06
0.95203	   1.5708 -0.790259     2e-06  -2.20813     5e-06   1.39571     3e-06
0.95303	   1.5708 -0.790259     2e-06  -2.20813     6e-06   1.39571     3e-06
0.95403	   1.5708 -0.790259     3e-06  -2.20813     6e-06   1.39571     3e-06
0.95503	  1.5708 -0.79026    3e-06 -2.20813    6e-06  1.39571    3e-06
0.95603	  1.5708 -0.79026    3e-06 -2.20813    6e-06  1.39571    3e-06
0.95703	  1.5708 -0.79026    3e-06 -2.20813    6e-06  1.39571    3e-06
0.95803	  1.5708 -0.79026    3e-06 -2.20813    6e-06  1.39571    3e-06
0.95903	  1.5708 -0.79026    3e-06 -2.20813    6e-06  1.39571    3e-06
0.96003	  1.5708 -0.79026    3e-06 -2.20813    6e-06  1.39571    4e-06
0.96103	  1.5708 -0.79026    3e-06 -2.20813    6e-06  1.39571    4e-06
0.96203	  1.5708 -0.79026    3e-06 -2.20813    7e-06  1.39571    4e-06
0.96303	  1.5708 -0.79026    3e-06 -2.20813    7e-06  1.39571    4e-06
0.96403	  1.5708 -0.79026    3e-06 -2.20813    7e-06  1.39571    4e-06
0.96503	  1.5708 -0.79026    3e-06 -2.20813    7e-06  1.39571    4e-06
0.96603	   1.5708 -0.790261     3e-06  -2.20813     7e-06    1.3957     4e-06
0.96703	   1.5708 -0.790261     3e-06  -2.20813     7e-06    1.3957     4e-06
0.96803	   1.5708 -0.790261     3e-06  -2.20813     7e-06    1.3957     4e-06
0.96903	   1.5708 -0.790261     3e-06  -2.20813     7e-06    1.3957     4e-06
0.97003	   1.5708 -0.790261     3e-06  -2.20813     7e-06    1.3957     4e-06
0.97103	   1.5708 -0.790261     3e-06  -2.20813     7e-06    1.3957     4e-06
0.97203	   1.5708 -0.790261     3e-06  -2.20813     7e-06    1.3957     4e-06
0.97303	   1.5708 -0.790261     3e-06  -2.20813     7e-06    1.3957     4e-06
0.97403	   1.5708 -0.790261     3e-06  -2.20813     7e-06    1.3957     4e-06
0.97503	   1.5708 -0.790261     3e-06  -2.20813     7e-06    1.3957     4e-06
0.97603	   1.5708 -0.790261     3e-06  -2.20813     7e-06    1.3957     4e-06
0.97703	   1.5708 -0.790261     3e-06  -2.20813     7e-06    1.3957     4e-06
0.97803	   1.5708 -0.790261     4e-06  -2.20813     7e-06    1.3957     4e-06
0.97903	   1.5708 -0.790262     4e-06  -2.20813     8e-06    1.3957     4e-06
0.98003	   1.5708 -0.790262     4e-06  -2.20813     8e-06    1.3957     4e-06
0.98103	   1.5708 -0.790262     4e-06  -2.20813     8e-06    1.3957     4e-06
0.98203	   1.5708 -0.790262     4e-06  -2.20813     8e-06    1.3957     4e-06
0.98303	   1.5708 -0.790262     4e-06  -2.20813     8e-06    1.3957     4e-06
0.98403	   1.5708 -0.790262     4e-06  -2.20813     8e-06    1.3957     4e-06
0.98503	   1.5708 -0.790262     4e-06  -2.20813     8e-06    1.3957     4e-06
0.98603	   1.5708 -0.790262     4e-06  -2.20813     8e-06   1.39569     4e-06
0.98703	   1.5708 -0.790262     4e-06  -2.20813     8e-06   1.39569     4e-06
0.98803	   1.5708 -0.790262     4e-06  -2.20813     8e-06   1.39569     4e-06
0.98903	   1.5708 -0.790262     4e-06  -2.20813     8e-06   1.39569     4e-06
0.99003	   1.5708 -0.790262     4e-06  -2.20813     8e-06   1.39569     4e-06
0.99103	   1.5708 -0.790262     4e-06  -2.20813     8e-06   1.39569     4e-06
0.99203	   1.5708 -0.790262     4e-06  -2.20813     8e-06   1.39569     4e-06
0.99303	   1.5708 -0.790262     4e-06  -2.20813     8e-06   1.39569     4e-06
0.99403	   1.5708 -0.790263     4e-06  -2.20813     8e-06   1.39569     4e-06
0.99503	   1.5708 -0.790263     4e-06  -2.20813     8e-06   1.39569     4e-06
0.99603	   1.5708 -0.790263     4e-06  -2.20813     8e-06   1.39569     4e-06
0.99703	   1.5708 -0.790263     4e-06  -2.20813     8e-06   1.39569     4e-06
0.99803	   1.5708 -0.790263     4e-06  -2.20813     8e-06   1.39569     4e-06
0.99903	   1.5708 -0.790263     4e-06  -2.20813     8e-06   1.39569     4e-06
1.00003	   1.5708 -0.790263     4e-06  -2.20813     8e-06   1.39569     4e-06
1.00103	   1.5708 -0.790263     4e-06  -2.20813     8e-06   1.39569     4e-06
1.00203	   1.5708 -0.790263     4e-06  -2.20813     8e-06   1.39569     4e-06
1.00303	   1.5708 -0.790263     4e-06  -2.20813     8e-06   1.39569     4e-06
1.00403	   1.5708 -0.790263     4e-06  -2.20813     8e-06   1.39569     4e-06
1.00503	   1.5708 -0.790263     4e-06  -2.20813     8e-06   1.39569     4e-06
1.00603	   1.5708 -0.790263     4e-06  -2.20813     8e-06   1.39569     4e-06
1.00703	   1.5708 -0.790263     4e-06  -2.20813     7e-06   1.39569     4e-06
1.00803	   1.5708 -0.790263     4e-06  -2.20813     7e-06   1.39569     4e-06
1.00903	   1.5708 -0.790263     4e-06  -2.20813     7e-06   1.39569     4e-06
1.01003	   1.5708 -0.790263     4e-06  -2.20813     7e-06   1.39569     4e-06
1.01103	   1.5708 -0.790263     4e-06  -2.20813     7e-06   1.39569     4e-06
1.01203	   1.5708 -0.790263     4e-06  -2.20813     7e-06   1.39569     4e-06
1.01303	   1.5708 -0.790263     4e-06  -2.20813     7e-06   1.39569     4e-06
1.01403	   1.5708 -0.790263     3e-06  -2.20813     7e-06   1.39569     4e-06
1.01503	   1.5708 -0.790264     3e-06  -2.20813     7e-06   1.39569     4e-06
1.01603	   1.5708 -0.790264     3e-06  -2.20813     7e-06   1.39569     4e-06
1.01703	   1.5708 -0.790264     3e-06  -2.20813     7e-06   1.39569     4e-06
1.01803	   1.5708 -0.790264     3e-06  -2.20813     7e-06   1.39569     4e-06
1.01903	   1.5708 -0.790264     3e-06  -2.20813     7e-06   1.39569     4e-06
1.02003	   1.5708 -0.790264     3e-06  -2.20813     7e-06   1.39568     4e-06
1.02103	   1.5708 -0.790264     3e-06  -2.20813     7e-06   1.39568     4e-06
1.02203	   1.5708 -0.790264     3e-06  -2.20813     7e-06   1.39568     4e-06
1.02303	   1.5708 -0.790264     3e-06  -2.20813     7e-06   1.39568     4e-06
1.02403	   1.5708 -0.790264     3e-06  -2.20813     7e-06   1.39568     4e-06
1.02503	   1.5708 -0.790264     3e-06  -2.20813     7e-06   1.39568     4e-06
1.02603	   1.5708 -0.790264     3e-06  -2.20813     7e-06   1.39568     4e-06
1.02703	   1.5708 -0.790264     3e-06  -2.20813     7e-06   1.39568     4e-06
1.02803	   1.5708 -0.790264     3e-06  -2.20813     7e-06   1.39568     4e-06
1.02903	   1.5708 -0.790264     3e-06  -2.20813     7e-06   1.39568     4e-06
1.03003	   1.5708 -0.790264     3e-06  -2.20813     7e-06   1.39568     4e-06
1.03103	   1.5708 -0.790264     3e-06  -2.20813     7e-06   1.39568     4e-06
1.03203	   1.5708 -0.790264     3e-06  -2.20813     7e-06   1.39568     4e-06
1.03303	   1.5708 -0.790264     3e-06  -2.20813     6e-06   1.39568     4e-06
1.03403	   1.5708 -0.790264     3e-06  -2.20813     6e-06   1.39568     3e-06
1.03503	   1.5708 -0.790264     3e-06  -2.20813     6e-06   1.39568     3e-06
1.03603	   1.5708 -0.790264     3e-06  -2.20813     6e-06   1.39568     3e-06
1.03703	   1.5708 -0.790264     3e-06  -2.20813     6e-06   1.39568     3e-06
1.03803	   1.5708 -0.790264     3e-06  -2.20813     6e-06   1.39568     3e-06
1.03903	   1.5708 -0.790264     3e-06  -2.20813     6e-06   1.39568     3e-06
1.04003	   1.5708 -0.790264     3e-06  -2.20813     6e-06   1.39568     3e-06
1.04103	   1.5708 -0.790264     3e-06  -2.20813     6e-06   1.39568     3e-06
1.04203	   1.5708 -0.790264     3e-06  -2.20813     6e-06   1.39568     3e-06
1.04303	   1.5708 -0.790264     3e-06  -2.20813     6e-06   1.39568     3e-06
1.04403	   1.5708 -0.790264     3e-06  -2.20813     6e-06   1.39568     3e-06
1.04503	   1.5708 -0.790264     3e-06  -2.20813     6e-06   1.39568     3e-06
1.04603	   1.5708 -0.790264     3e-06  -2.20813     6e-06   1.39568     3e-06
1.04703	   1.5708 -0.790264     3e-06  -2.20813     6e-06   1.39568     3e-06
1.04803	   1.5708 -0.790264     3e-06  -2.20813     6e-06   1.39568     3e-06
1.04903	   1.5708 -0.790264     3e-06  -2.20813     6e-06   1.39568     3e-06
1.05003	   1.5708 -0.790265     3e-06  -2.20813     6e-06   1.39568     3e-06
1.05103	   1.5708 -0.790265     3e-06  -2.20813     6e-06   1.39568     3e-06
1.05203	   1.5708 -0.790265     3e-06  -2.20813     5e-06   1.39568     3e-06
1.05303	   1.5708 -0.790265     3e-06  -2.20813     5e-06   1.39568     3e-06
1.05403	   1.5708 -0.790265     3e-06  -2.20813     5e-06   1.39568     3e-06
1.05503	   1.5708 -0.790265     3e-06  -2.20813     5e-06   1.39568     3e-06
1.05603	   1.5708 -0.790265     3e-06  -2.20813     5e-06   1.39568     3e-06
1.05703	   1.5708 -0.790265     3e-06  -2.20813     5e-06   1.39568     3e-06
1.05803	   1.5708 -0.790265     3e-06  -2.20813     5e-06   1.39568     3e-06
1.05903	   1.5708 -0.790265     2e-06  -2.20813     5e-06   1.39568     3e-06
1.06003	   1.5708 -0.790265     2e-06  -2.20813     5e-06   1.39568     3e-06
1.06103	   1.5708 -0.790265     2e-06  -2.20813     5e-06   1.39568     3e-06
1.06203	   1.5708 -0.790265     2e-06  -2.20813     5e-06   1.39568     3e-06
1.06303	   1.5708 -0.790265     2e-06  -2.20813     5e-06   1.39568     3e-06
1.06403	   1.5708 -0.790265     2e-06  -2.20813     5e-06   1.39568     3e-06
1.06503	   1.5708 -0.790265     2e-06  -2.20813     5e-06   1.39568     3e-06
1.06603	   1.5708 -0.790265     2e-06  -2.20813     5e-06   1.39568     3e-06
1.06703	   1.5708 -0.790265     2e-06  -2.20813     5e-06   1.39568     3e-06
1.06803	   1.5708 -0.790265     2e-06  -2.20813     5e-06   1.39568     2e-06
1.06903	   1.5708 -0.790265     2e-06  -2.20813     5e-06   1.39568     2e-06
1.07003	   1.5708 -0.790265     2e-06  -2.20813     5e-06   1.39568     2e-06
1.07103	   1.5708 -0.790265     2e-06  -2.20813     4e-06   1.39568     2e-06
1.07203	   1.5708 -0.790265     2e-06  -2.20813     4e-06   1.39568     2e-06
1.07303	   1.5708 -0.790265     2e-06  -2.20813     4e-06   1.39568     2e-06
1.07403	   1.5708 -0.790265     2e-06  -2.20813     4e-06   1.39568     2e-06
1.07503	   1.5708 -0.790265     2e-06  -2.20813     4e-06   1.39568     2e-06
1.07603	   1.5708 -0.790265     2e-06  -2.20813     4e-06   1.39568     2e-06
1.07703	   1.5708 -0.790265     2e-06  -2.20813     4e-06   1.39568     2e-06
1.07803	   1.5708 -0.790265     2e-06  -2.20813     4e-06   1.39568     2e-06
1.07903	   1.5708 -0.790265     2e-06  -2.20813     4e-06   1.39568     2e-06
1.08003	   1.5708 -0.790265     2e-06  -2.20813     4e-06   1.39568     2e-06
1.08103	   1.5708 -0.790265     2e-06  -2.20813     4e-06   1.39568     2e-06
1.08203	   1.5708 -0.790265     2e-06  -2.20813     4e-06   1.39568     2e-06
1.08303	   1.5708 -0.790265     2e-06  -2.20813     4e-06   1.39568     2e-06
1.08403	   1.5708 -0.790265     2e-06  -2.20813     4e-06   1.39568     2e-06
1.08503	   1.5708 -0.790265     2e-06  -2.20813     4e-06   1.39568     2e-06
1.08603	   1.5708 -0.790265     2e-06  -2.20813     4e-06   1.39568     2e-06
1.08703	   1.5708 -0.790265     2e-06  -2.20813     4e-06   1.39568     2e-06
1.08803	   1.5708 -0.790265     2e-06  -2.20813     4e-06   1.39568     2e-06
1.08903	   1.5708 -0.790265     2e-06  -2.20813     4e-06   1.39568     2e-06
1.09003	   1.5708 -0.790265     2e-06  -2.20813     4e-06   1.39568     2e-06
1.09103	   1.5708 -0.790265     2e-06  -2.20813     3e-06   1.39568     2e-06
1.09203	   1.5708 -0.790265     2e-06  -2.20813     3e-06   1.39568     2e-06
1.09303	   1.5708 -0.790265     2e-06  -2.20813     3e-06   1.39568     2e-06
1.09403	   1.5708 -0.790265     2e-06  -2.20813     3e-06   1.39568     2e-06
1.09503	   1.5708 -0.790265     2e-06  -2.20813     3e-06   1.39568     2e-06
1.09603	   1.5708 -0.790265     2e-06  -2.20813     3e-06   1.39568     2e-06
1.09703	   1.5708 -0.790265     2e-06  -2.20813     3e-06   1.39568     2e-06
1.09803	   1.5708 -0.790265     2e-06  -2.20813     3e-06   1.39568     2e-06
1.09903	   1.5708 -0.790265     2e-06  -2.20813     3e-06   1.39568     2e-06
1.10003	   1.5708 -0.790265     2e-06  -2.20813     3e-06   1.39568     2e-06
1.10103	   1.5708 -0.790265     1e-06  -2.20813     3e-06   1.39568     2e-06
1.10203	   1.5708 -0.790265     1e-06  -2.20813     3e-06   1.39568     2e-06
1.10303	   1.5708 -0.790265     1e-06  -2.20813     3e-06   1.39568     2e-06
1.10403	   1.5708 -0.790265     1e-06  -2.20813     3e-06   1.39568     2e-06
1.10503	   1.5708 -0.790265     1e-06  -2.20813     3e-06   1.39568     2e-06
1.10603	   1.5708 -0.790265     1e-06  -2.20813     3e-06   1.39568     1e-06
1.10703	   1.5708 -0.790265     1e-06  -2.20813     3e-06   1.39568     1e-06
1.10803	   1.5708 -0.790265     1e-06  -2.20813     3e-06   1.39568     1e-06
1.10903	   1.5708 -0.790265     1e-06  -2.20813     3e-06   1.39568     1e-06
1.11003	   1.5708 -0.790265     1e-06  -2.20813     3e-06   1.39568     1e-06
1.11103	   1.5708 -0.790265     1e-06  -2.20813     3e-06   1.39568     1e-06
1.11203	   1.5708 -0.790265     1e-06  -2.20813     3e-06   1.39568     1e-06
1.11303	   1.5708 -0.790265     1e-06  -2.20813     3e-06   1.39568     1e-06
1.11403	   1.5708 -0.790265     1e-06  -2.20813     2e-06   1.39568     1e-06
1.11503	   1.5708 -0.790265     1e-06  -2.20813     2e-06   1.39568     1e-06
1.11603	   1.5708 -0.790265     1e-06  -2.20813     2e-06   1.39568     1e-06
1.11703	   1.5708 -0.790265     1e-06  -2.20813     2e-06   1.39568     1e-06
1.11803	   1.5708 -0.790265     1e-06  -2.20813     2e-06   1.39568     1e-06
1.11903	   1.5708 -0.790265     1e-06  -2.20813     2e-06   1.39568     1e-06
1.12032	   1.5708 -0.790265     1e-06  -2.20813     2e-06   1.39568     1e-06
1.12132	   1.5708 -0.790265     1e-06  -2.20813     2e-06   1.39568     1e-06
1.12232	   1.5708 -0.790265     1e-06  -2.20813     2e-06   1.39568     1e-06
1.12332	   1.5708 -0.790265     1e-06  -2.20813     2e-06   1.39568     1e-06
1.12432	   1.5708 -0.790265     1e-06  -2.20813     2e-06   1.39568     1e-06
1.12532	   1.5708 -0.790265     1e-06  -2.20813     2e-06   1.39568     1e-06
1.12632	   1.5708 -0.790265     1e-06  -2.20813     2e-06   1.39568     1e-06
1.12732	   1.5708 -0.790265     1e-06  -2.20813     2e-06   1.39568     1e-06
1.12832	   1.5708 -0.790265     1e-06  -2.20813     2e-06   1.39568     1e-06
1.12932	   1.5708 -0.790265     1e-06  -2.20813     2e-06   1.39568     1e-06
1.13032	   1.5708 -0.790265     1e-06  -2.20813     2e-06   1.39568     1e-06
1.13132	   1.5708 -0.790265     1e-06  -2.20813     2e-06   1.39568     1e-06
1.13232	   1.5708 -0.790265     1e-06  -2.20813     2e-06   1.39568     1e-06
1.13332	   1.5708 -0.790265     1e-06  -2.20813     2e-06   1.39568     1e-06
1.13432	   1.5708 -0.790265     1e-06  -2.20813     2e-06   1.39568     1e-06
1.13532	   1.5708 -0.790265     1e-06  -2.20813     2e-06   1.39568     1e-06
1.13632	   1.5708 -0.790265     1e-06  -2.20813     2e-06   1.39568     1e-06
1.13732	   1.5708 -0.790265     1e-06  -2.20813     2e-06   1.39568     1e-06
1.13832	   1.5708 -0.790265     1e-06  -2.20813     2e-06   1.39568     1e-06
1.13932	   1.5708 -0.790265     1e-06  -2.20813     2e-06   1.39568     1e-06
1.14032	   1.5708 -0.790265     1e-06  -2.20813     2e-06   1.39568     1e-06
1.14132	   1.5708 -0.790265     1e-06  -2.20813     2e-06   1.39568     1e-06
1.14232	   1.5708 -0.790265     1e-06  -2.20813     2e-06   1.39568     1e-06
1.14332	   1.5708 -0.790265     1e-06  -2.20813     2e-06   1.39568     1e-06
1.14432	   1.5708 -0.790265     1e-06  -2.20813     1e-06   1.39568     1e-06
1.14532	   1.5708 -0.790265     1e-06  -2.20813     1e-06   1.39568     1e-06
1.14632	   1.5708 -0.790265     1e-06  -2.20813     1e-06   1.39568     1e-06
1.14732	   1.5708 -0.790265     1e-06  -2.20813     1e-06   1.39568     1e-06
1.14832	   1.5708 -0.790265     1e-06  -2.20813     1e-06   1.39568     1e-06
1.14932	   1.5708 -0.790265     1e-06  -2.20813     1e-06   1.39568     1e-06
1.15032	   1.5708 -0.790265     1e-06  -2.20813     1e-06   1.39568     1e-06
1.15132	   1.5708 -0.790265     1e-06  -2.20813     1e-06   1.39568     1e-06
1.15232	   1.5708 -0.790265     1e-06  -2.20813     1e-06   1.39568     1e-06
1.15332	   1.5708 -0.790265     1e-06  -2.20813     1e-06   1.39568     1e-06
1.15432	   1.5708 -0.790265     1e-06  -2.20813     1e-06   1.39568     1e-06
1.15532	   1.5708 -0.790265     1e-06  -2.20813     1e-06   1.39568     1e-06
1.15632	   1.5708 -0.790265     1e-06  -2.20813     1e-06   1.39568     1e-06
1.15732	   1.5708 -0.790265     1e-06  -2.20813     1e-06   1.39568     1e-06
1.15832	   1.5708 -0.790265     1e-06  -2.20813     1e-06   1.39568     1e-06
1.15932	   1.5708 -0.790265     1e-06  -2.20813     1e-06   1.39568     1e-06
1.16032	   1.5708 -0.790265     1e-06  -2.20813     1e-06   1.39568     1e-06
1.16132	   1.5708 -0.790265     1e-06  -2.20813     1e-06   1.39568     1e-06
1.16232	   1.5708 -0.790265     1e-06  -2.20813     1e-06   1.39568     1e-06
1.16332	   1.5708 -0.790265     1e-06  -2.20813     1e-06   1.39568     1e-06
1.16432	   1.5708 -0.790265     1e-06  -2.20813     1e-06   1.39568         0
1.16532	   1.5708 -0.790265         0  -2.20813     1e-06   1.39568         0
1.16632	   1.5708 -0.790265         0  -2.20813     1e-06   1.39568         0
1.16732	   1.5708 -0.790265         0  -2.20813     1e-06   1.39568         0
1.16832	   1.5708 -0.790265         0  -2.20813     1e-06   1.39568         0
1.16932	   1.5708 -0.790265         0  -2.20813     1e-06   1.39568         0
1.17032	   1.5708 -0.790265         0  -2.20813     1e-06   1.39568         0
1.17132	   1.5708 -0.790265         0  -2.20813     1e-06   1.39568         0
1.17232	   1.5708 -0.790265         0  -2.20813     1e-06   1.39568         0
1.17332	   1.5708 -0.790265         0  -2.20813     1e-06   1.39568         0
1.17432	   1.5708 -0.790265         0  -2.20813     1e-06   1.39568         0
1.17532	   1.5708 -0.790265         0  -2.20813     1e-06   1.39568         0
1.17632	   1.5708 -0.790265         0  -2.20813     1e-06   1.39568         0
1.17732	   1.5708 -0.790265         0  -2.20813     1e-06   1.39568         0
1.17832	   1.5708 -0.790265         0  -2.20813     1e-06   1.39568         0
1.17932	   1.5708 -0.790265         0  -2.20813     1e-06   1.39568         0
1.18032	   1.5708 -0.790265         0  -2.20813     1e-06   1.39568         0
1.18132	   1.5708 -0.790265         0  -2.20813     1e-06   1.39568         0
1.18232	   1.5708 -0.790265         0  -2.20813     1e-06   1.39568         0
1.18332	   1.5708 -0.790265         0  -2.20813     1e-06   1.39568         0
1.18432	   1.5708 -0.790265         0  -2.20813     1e-06   1.39568         0
1.18532	   1.5708 -0.790265         0  -2.20813     1e-06   1.39568         0
1.18632	   1.5708 -0.790265         0  -2.20813     1e-06   1.39568         0
1.18732	   1.5708 -0.790265         0  -2.20813     1e-06   1.39568         0
1.18832	   1.5708 -0.790265         0  -2.20813     1e-06   1.39568         0
1.18932	   1.5708 -0.790265         0  -2.20813     1e-06   1.39568         0
1.19032	   1.5708 -0.790265         0  -2.20813     1e-06   1.39568         0
1.19132	   1.5708 -0.790265         0  -2.20813     1e-06   1.39568         0
1.19232	   1.5708 -0.790265         0  -2.20813         0   1.39568         0
1.19332	   1.5708 -0.790265         0  -2.20813         0   1.39568         0
1.19432	   1.5708 -0.790265         0  -2.20813         0   1.39568         0
1.19532	   1.5708 -0.790265         0  -2.20813         0   1.39568         0
1.19632	   1.5708 -0.790265         0  -2.20813         0   1.39568         0
1.19732	   1.5708 -0.790265         0  -2.20813         0   1.39568         0
1.19832	   1.5708 -0.790265         0  -2.20813         0   1.39568         0
1.19932	   1.5708 -0.790265         0  -2.20813         0   1.39568         0
1.20032	   1.5708 -0.790265         0  -2.20813         0   1.39568         0
1.20132	   1.5708 -0.790265         0  -2.20813         0   1.39568         0
