0.00109696	 -1.39626 -0.785398         0  -2.18166         0   1.39626        -0
0.00209696	 -1.39576 -0.785398 -0.000259  -2.18166 -0.000226   1.39626   0.00028
0.00309696	 -1.39429 -0.785405 -0.001015  -2.18168 -0.000864   1.39627  0.000919
0.00409696	 -1.39191 -0.785424 -0.002221  -2.18172 -0.001838   1.39629  0.001653
0.00509696	 -1.38868 -0.785457 -0.003834  -2.18178  -0.00308   1.39631  0.002404
0.00609696	 -1.38465 -0.785505 -0.005812  -2.18186 -0.004527   1.39632  0.003146
0.00709696	 -1.37987 -0.785568 -0.008118  -2.18196 -0.006128   1.39634  0.003873
0.00809696	 -1.37437 -0.785648 -0.010717  -2.18207 -0.007839   1.39634   0.00458
0.00909696	 -1.36819 -0.785748 -0.013579  -2.18219 -0.009622   1.39634  0.005267
0.010097	 -1.36137 -0.785869 -0.016673  -2.18232 -0.011446   1.39633  0.005934
0.011097	 -1.35395 -0.786013 -0.019975  -2.18246 -0.013284   1.39631  0.006579
0.012097	 -1.34596 -0.786182 -0.023459  -2.18261 -0.015116   1.39628  0.007202
0.013097	 -1.33741 -0.786378 -0.027103  -2.18276 -0.016923   1.39625  0.007804
0.014097	 -1.32834 -0.786604 -0.030896  -2.18291 -0.018698    1.3962  0.008385
0.015097	 -1.31877 -0.786861 -0.034818  -2.18307 -0.020427   1.39616  0.008944
0.016097	 -1.30874  -0.78715  -0.03884  -2.18323 -0.022093    1.3961  0.009482
0.017097	 -1.29826 -0.787473 -0.042947  -2.18339  -0.02369   1.39605  0.009998
0.018097	 -1.28737 -0.787831 -0.047122  -2.18355 -0.025213   1.39599  0.010495
0.019097	 -1.27609 -0.788226 -0.051353   -2.1837 -0.026657   1.39593   0.01097
0.020097	 -1.26443 -0.788659 -0.055626  -2.18386 -0.028021   1.39587  0.011426
0.021097	 -1.25241 -0.789129 -0.059928  -2.18402 -0.029303   1.39582  0.011863
0.022097	 -1.24006 -0.789639 -0.064249  -2.18417 -0.030502   1.39576   0.01228
0.023097	 -1.22739 -0.790188 -0.068577  -2.18432 -0.031618    1.3957  0.012678
0.024097	 -1.21441 -0.790778 -0.072903  -2.18446 -0.032653   1.39565  0.013058
0.025097	 -1.20115 -0.791407 -0.077217   -2.1846 -0.033608    1.3956   0.01342
0.026097	 -1.18762 -0.792077 -0.081511  -2.18474 -0.034483   1.39556  0.013765
0.027097	 -1.17383 -0.792788 -0.085778  -2.18487 -0.035282   1.39552  0.014093
0.028097	  -1.1598 -0.793538 -0.090009    -2.185 -0.036006   1.39549  0.014404
0.0307267	 -1.14553 -0.794329   -0.0942  -2.18512 -0.036658   1.39546  0.014698
0.0317267	 -1.13104  -0.79516 -0.098349  -2.18524 -0.037237   1.39544  0.014977
0.0327267	 -1.11633 -0.796032 -0.102448  -2.18535 -0.037748   1.39542   0.01524
0.0337267	 -1.10141 -0.796942  -0.10649  -2.18546 -0.038192   1.39542  0.015488
0.0347267	 -1.08631 -0.797892 -0.110471  -2.18556 -0.038572   1.39542   0.01572
0.0357267	 -1.07102 -0.798879 -0.114384  -2.18566 -0.038892   1.39543  0.015938
0.0367267	 -1.05557 -0.799902 -0.118226  -2.18575 -0.039153   1.39545  0.016142
0.0377267	 -1.03996 -0.800962 -0.121991  -2.18584  -0.03936   1.39547  0.016333
0.0387267	  -1.0242 -0.802055 -0.125676  -2.18592 -0.039515    1.3955   0.01651
0.0397267	  -1.0083 -0.803181 -0.129277  -2.18599 -0.039621   1.39554  0.016674
0.0407267	-0.992276 -0.804339 -0.132792  -2.18606 -0.039681   1.39559  0.016825
0.0417267	-0.976131 -0.805527 -0.136216  -2.18613 -0.039698   1.39564  0.016964
0.0427267	-0.959874 -0.806744 -0.139547  -2.18619 -0.039674    1.3957  0.017091
0.0437267	-0.943513 -0.807987 -0.142784  -2.18624 -0.039611   1.39577  0.017207
0.0447267	-0.927056 -0.809256 -0.145925  -2.18629 -0.039514   1.39585  0.017311
0.0457267	-0.910511 -0.810549 -0.148967  -2.18634 -0.039383   1.39593  0.017404
0.0467267	-0.893884 -0.811863  -0.15191  -2.18638 -0.039221   1.39602  0.017487
0.0477267	-0.877182 -0.813198 -0.154752  -2.18641 -0.039031   1.39612  0.017559
0.0487267	-0.860411 -0.814551 -0.157493  -2.18644 -0.038814   1.39622  0.017621
0.0497267	-0.843578 -0.815921 -0.160131  -2.18647 -0.038573   1.39633  0.017673
0.0507267	-0.826688 -0.817306 -0.162667  -2.18649  -0.03831   1.39644  0.017716
0.0517267	-0.809746 -0.818704   -0.1651  -2.18651 -0.038025   1.39656   0.01775
0.0527267	 -0.79276 -0.820113 -0.167431  -2.18652 -0.037722   1.39669  0.017774
0.0537267	-0.775732 -0.821532 -0.169658  -2.18653 -0.037401   1.39682   0.01779
0.0547267	-0.758669 -0.822958 -0.171784  -2.18654 -0.037064   1.39696  0.017798
0.0557267	-0.741575 -0.824391 -0.173807  -2.18654 -0.036713    1.3971  0.017797
0.0567267	-0.724454 -0.825828 -0.175729  -2.18655 -0.036349   1.39724  0.017788
0.0577267	-0.707312 -0.827268 -0.177551  -2.18655 -0.035973   1.39739  0.017771
0.0587267	-0.690151 -0.828708 -0.179273  -2.18654 -0.035586   1.39755  0.017747
0.0597267	-0.672976 -0.830148 -0.180896  -2.18654 -0.035189   1.39771  0.017715
0.0607267	-0.655791 -0.831585 -0.182421  -2.18653 -0.034784   1.39787  0.017676
0.0617267	  -0.6386 -0.833018 -0.183849  -2.18653 -0.034371   1.39803   0.01763
0.0627267	-0.621406 -0.834445 -0.185183  -2.18652 -0.033951    1.3982  0.017578
0.0637267	-0.604212 -0.835865 -0.186422  -2.18651 -0.033525   1.39837  0.017519
0.0647267	-0.587022 -0.837277 -0.187569   -2.1865 -0.033094   1.39855  0.017454
0.0657267	-0.569839 -0.838678 -0.188625  -2.18649 -0.032659   1.39872  0.017382
0.0667267	-0.552665 -0.840068 -0.189591  -2.18648 -0.032219    1.3989  0.017305
0.0677267	-0.535505 -0.841445 -0.190469  -2.18647 -0.031777   1.39908  0.017222
0.0687267	 -0.51836 -0.842808 -0.191261  -2.18646 -0.031331   1.39926  0.017133
0.0697267	-0.501234 -0.844155 -0.191969  -2.18645 -0.030883   1.39945  0.017039
0.0707267	-0.484129 -0.845486 -0.192593  -2.18645 -0.030434   1.39963   0.01694
0.0717267	-0.467047 -0.846799 -0.193136  -2.18644 -0.029983   1.39982  0.016835
0.0727267	-0.449992 -0.848092   -0.1936  -2.18644  -0.02953       1.4  0.016726
0.0737267	-0.432965 -0.849365 -0.193987  -2.18644 -0.029078   1.40019  0.016612
0.0747267	-0.415969 -0.850618 -0.194297  -2.18644 -0.028624   1.40038  0.016493
0.0757267	-0.399005 -0.851847 -0.194534  -2.18645 -0.028171   1.40057   0.01637
0.0767267	-0.382077 -0.853054 -0.194698  -2.18646 -0.027718   1.40075  0.016243
0.0777267	-0.365186 -0.854237 -0.194792  -2.18647 -0.027265   1.40094  0.016112
0.0787267	-0.348335 -0.855395 -0.194818  -2.18648 -0.026812   1.40113  0.015977
0.0797267	-0.331525 -0.856527 -0.194777   -2.1865 -0.026361   1.40131  0.015838
0.0807267	-0.314757 -0.857632 -0.194672  -2.18653  -0.02591    1.4015  0.015695
0.0817267	-0.298035  -0.85871 -0.194504  -2.18656  -0.02546   1.40169  0.015549
0.0827267	 -0.28136 -0.859761 -0.194274  -2.18659 -0.025011   1.40187  0.015399
0.0837267	-0.264734 -0.860783 -0.193985  -2.18663 -0.024564   1.40205  0.015246
0.0847267	-0.248158 -0.861776 -0.193639  -2.18667 -0.024118   1.40223   0.01509
0.0857267	-0.231633 -0.862739 -0.193237  -2.18672 -0.023673   1.40241  0.014931
0.0867267	-0.215163 -0.863672 -0.192781  -2.18677 -0.023229   1.40259   0.01477
0.0877267	-0.198747 -0.864574 -0.192273  -2.18683 -0.022787   1.40277  0.014605
0.0887267	-0.182389 -0.865445 -0.191714   -2.1869 -0.022347   1.40294  0.014438
0.0897267	-0.166088 -0.866285 -0.191107  -2.18697 -0.021908   1.40311  0.014269
0.0907267	-0.149847 -0.867093 -0.190453  -2.18705 -0.021471   1.40328  0.014097
0.0917267	-0.133667 -0.867869 -0.189753  -2.18713 -0.021035   1.40345  0.013923
0.0927267	 -0.11755 -0.868613 -0.189009  -2.18722 -0.020601   1.40361  0.013747
0.0937267	-0.101496 -0.869324 -0.188223  -2.18732 -0.020168   1.40377  0.013568
0.0947267	-0.085507 -0.870003 -0.187396  -2.18742 -0.019737   1.40393  0.013388
0.0957267	-0.069585 -0.870648  -0.18653  -2.18753 -0.019308   1.40409  0.013206
0.0967267	 -0.05373 -0.871261 -0.185627  -2.18765  -0.01888   1.40424  0.013023
0.0977267	-0.037944  -0.87184 -0.184687  -2.18778 -0.018454    1.4044  0.012837
0.0987267	-0.022228 -0.872386 -0.183712  -2.18791 -0.018029   1.40454  0.012651
0.0997267	-0.006583 -0.872899 -0.182705  -2.18805 -0.017606   1.40469  0.012463
0.100727	 0.008989 -0.873379 -0.181665  -2.18819 -0.017185   1.40483  0.012273
0.101727	 0.024489 -0.873825 -0.180594  -2.18835 -0.016765   1.40497  0.012083
0.102727	 0.039914 -0.874238 -0.179494  -2.18851 -0.016346    1.4051  0.011891
0.103727	 0.055264 -0.874619 -0.178366  -2.18867 -0.015929   1.40524  0.011699
0.104727	 0.070537 -0.874966 -0.177211  -2.18885 -0.015514   1.40536  0.011505
0.105727	 0.085734  -0.87528 -0.176031  -2.18903   -0.0151   1.40549  0.011311
0.106727	 0.100852 -0.875561 -0.174826  -2.18922 -0.014688   1.40561  0.011116
0.107727	 0.115891  -0.87581 -0.173598  -2.18942 -0.014277   1.40573   0.01092
0.108727	  0.13085 -0.876026 -0.172347  -2.18963 -0.013868   1.40584  0.010724
0.109727	 0.145728  -0.87621 -0.171075  -2.18984  -0.01346   1.40595  0.010527
0.110727	 0.160525 -0.876363 -0.169784  -2.19006 -0.013053   1.40606   0.01033
0.111727	 0.175239 -0.876483 -0.168473  -2.19028 -0.012648   1.40616  0.010132
0.112727	 0.189869 -0.876572 -0.167144  -2.19052 -0.012245   1.40626  0.009934
0.113727	 0.204416 -0.876629 -0.165798  -2.19076 -0.011843   1.40636  0.009736
0.114727	 0.218878 -0.876656 -0.164435  -2.19101 -0.011443   1.40645  0.009538
0.115727	 0.233255 -0.876652 -0.163057  -2.19126 -0.011044   1.40654   0.00934
0.116727	 0.247545 -0.876618 -0.161665  -2.19153 -0.010647   1.40662  0.009141
0.117727	 0.261749 -0.876554 -0.160259  -2.19179 -0.010251    1.4067  0.008943
0.118727	 0.275866  -0.87646  -0.15884  -2.19207 -0.009857   1.40678  0.008745
0.119727	 0.289894 -0.876337 -0.157409  -2.19235 -0.009465   1.40685  0.008547
0.120727	 0.303834 -0.876185 -0.155966  -2.19264 -0.009074   1.40692   0.00835
0.121727	 0.317685 -0.876004 -0.154513  -2.19294 -0.008686   1.40699  0.008152
0.122727	 0.331446 -0.875796  -0.15305  -2.19324 -0.008298   1.40705  0.007955
0.123727	 0.345117 -0.875559 -0.151577  -2.19355 -0.007913   1.40711  0.007759
0.124727	 0.358698 -0.875296 -0.150096  -2.19386 -0.007529   1.40716  0.007563
0.125727	 0.372187 -0.875005 -0.148606  -2.19418 -0.007147   1.40721  0.007368
0.126727	 0.385585 -0.874688 -0.147109  -2.19451 -0.006767   1.40726  0.007173
0.127727	 0.398891 -0.874345 -0.145605  -2.19484 -0.006389    1.4073  0.006978
0.128727	 0.412104 -0.873976 -0.144095  -2.19518 -0.006013   1.40734  0.006785
0.129727	 0.425225 -0.873582 -0.142578  -2.19552  -0.00564   1.40738  0.006592
0.130727	 0.438253 -0.873163 -0.141056  -2.19587 -0.005268   1.40741    0.0064
0.131727	 0.451188  -0.87272  -0.13953  -2.19622 -0.004898   1.40744  0.006209
0.132727	 0.464028 -0.872253 -0.137998  -2.19658  -0.00453   1.40747  0.006018
0.133727	 0.476775 -0.871763 -0.136463  -2.19694 -0.004165   1.40749  0.005829
0.134727	 0.489428  -0.87125 -0.134924  -2.19731 -0.003802   1.40751  0.005641
0.135727	 0.501986 -0.870714 -0.133381  -2.19769 -0.003442   1.40752  0.005453
0.136727	  0.51445 -0.870156 -0.131836  -2.19807 -0.003083   1.40753  0.005266
0.137727	 0.526818 -0.869577 -0.130288  -2.19845 -0.002728   1.40754  0.005081
0.138727	 0.539092 -0.868977 -0.128738  -2.19883 -0.002375   1.40755  0.004897
0.139727	  0.55127 -0.868356 -0.127186  -2.19923 -0.002024   1.40755  0.004713
0.140727	 0.563353 -0.867715 -0.125632  -2.19962 -0.001676   1.40755  0.004531
0.141727	  0.57534 -0.867055 -0.124078  -2.20002 -0.001331   1.40754   0.00435
0.142727	 0.587232 -0.866375 -0.122522  -2.20042 -0.000989   1.40753  0.004171
0.143727	 0.599028 -0.865677 -0.120965  -2.20083 -0.000649   1.40752  0.003992
0.144727	 0.610728 -0.864961 -0.119408  -2.20124 -0.000313   1.40751  0.003815
0.145727	 0.622333 -0.864227 -0.117851  -2.20165     2e-05   1.40749  0.003639
0.146727	 0.633842 -0.863476 -0.116294  -2.20206  0.000351   1.40747  0.003464
0.147727	 0.645254 -0.862708 -0.114737  -2.20248  0.000678   1.40745  0.003291
0.148727	 0.656572 -0.861923  -0.11318   -2.2029  0.001002   1.40742  0.003119
0.149727	 0.667793 -0.861123 -0.111624  -2.20333  0.001323    1.4074  0.002949
0.150727	 0.678918 -0.860308 -0.110069  -2.20376  0.001641   1.40736   0.00278
0.151727	 0.689948 -0.859478 -0.108515  -2.20419  0.001955   1.40733  0.002612
0.152727	 0.700883 -0.858633 -0.106962  -2.20462  0.002265   1.40729  0.002446
0.153727	 0.711721 -0.857775 -0.105411  -2.20505  0.002573   1.40725  0.002281
0.154727	 0.722465 -0.856903 -0.103861  -2.20549  0.002876   1.40721  0.002118
0.155727	 0.733113 -0.856018 -0.102313  -2.20593  0.003176   1.40717  0.001956
0.156727	 0.743666  -0.85512 -0.100766  -2.20636  0.003473   1.40712  0.001796
0.157727	 0.754124 -0.854211 -0.099222  -2.20681  0.003765   1.40707  0.001637
0.158727	0.764488 -0.85329 -0.09768 -2.20725 0.004054  1.40702  0.00148
0.159727	 0.774757 -0.852358  -0.09614  -2.20769  0.004339   1.40697  0.001324
0.160727	 0.784931 -0.851415 -0.094602  -2.20814   0.00462   1.40691   0.00117
0.161727	 0.795012 -0.850462 -0.093067  -2.20859  0.004897   1.40685  0.001018
0.162727	 0.804998 -0.849499 -0.091534  -2.20903   0.00517   1.40679  0.000867
0.163727	 0.814891 -0.848526 -0.090005  -2.20948  0.005439   1.40673  0.000718
0.164727	  0.82469 -0.847545 -0.088478  -2.20993  0.005704   1.40666   0.00057
0.165727	 0.834397 -0.846555 -0.086954  -2.21038  0.005965    1.4066  0.000424
0.166727	 0.844011 -0.845557 -0.085433  -2.21083  0.006222   1.40653  0.000279
0.167727	 0.853532 -0.844552 -0.083915  -2.21129  0.006475   1.40646  0.000137
0.168727	 0.862961 -0.843539   -0.0824  -2.21174  0.006723   1.40638    -5e-06
0.169727	 0.872298 -0.842519 -0.080889  -2.21219  0.006967   1.40631 -0.000144
0.170727	 0.881543 -0.841493 -0.079381  -2.21264  0.007206   1.40623 -0.000282
0.171727	 0.890698 -0.840461 -0.077877  -2.21309  0.007442   1.40616 -0.000418
0.172727	 0.899762 -0.839423 -0.076377  -2.21355  0.007673   1.40607 -0.000553
0.173727	 0.908735 -0.838381  -0.07488    -2.214  0.007899   1.40599 -0.000686
0.174727	 0.917619 -0.837333 -0.073387  -2.21445  0.008121   1.40591 -0.000817
0.175727	 0.926412 -0.836281 -0.071898   -2.2149  0.008339   1.40583 -0.000947
0.176727	 0.935117 -0.835225 -0.070412  -2.21535  0.008552   1.40574 -0.001075
0.177727	 0.943733 -0.834165 -0.068931   -2.2158   0.00876   1.40565 -0.001201
0.178727	 0.952261 -0.833102 -0.067455  -2.21625  0.008965   1.40556 -0.001326
0.179727	   0.9607 -0.832036 -0.065982   -2.2167  0.009164   1.40547 -0.001449
0.180727	 0.969053 -0.830967 -0.064514  -2.21715  0.009359   1.40538  -0.00157
0.181727	 0.977318 -0.829896  -0.06305   -2.2176   0.00955   1.40529  -0.00169
0.182727	 0.985497 -0.828823 -0.061591  -2.21805  0.009736    1.4052 -0.001808
0.183727	  0.99359 -0.827749 -0.060136  -2.21849  0.009917    1.4051 -0.001925
0.184727	   1.0016 -0.826674 -0.058687  -2.21894  0.010094     1.405 -0.002039
0.185727	  1.00952 -0.825598 -0.057242  -2.21938  0.010266   1.40491 -0.002153
0.186727	  1.01736 -0.824521 -0.055802  -2.21983  0.010434   1.40481 -0.002264
0.187727	  1.02511 -0.823444 -0.054366  -2.22027  0.010597   1.40471 -0.002374
0.188727	  1.03278 -0.822367 -0.052936  -2.22071  0.010755   1.40461 -0.002482
0.189727	  1.04037 -0.821291 -0.051512  -2.22114  0.010909   1.40451 -0.002589
0.190727	  1.04787 -0.820216 -0.050092  -2.22158  0.011058   1.40441 -0.002694
0.191727	   1.0553 -0.819142 -0.048678  -2.22202  0.011203    1.4043 -0.002797
0.192727	  1.06264 -0.818069 -0.047269  -2.22245  0.011344    1.4042 -0.002899
0.193727	   1.0699 -0.816997 -0.045866  -2.22288  0.011479    1.4041 -0.002999
0.194727	  1.07708 -0.815928 -0.044468  -2.22331  0.011611   1.40399 -0.003098
0.195727	  1.08418 -0.814861 -0.043076  -2.22374  0.011738   1.40388 -0.003195
0.196727	   1.0912 -0.813797 -0.041691  -2.22417   0.01186   1.40378 -0.003291
0.197727	  1.09814 -0.812735  -0.04031  -2.22459  0.011978   1.40367 -0.003385
0.198727	  1.10501 -0.811676 -0.038937  -2.22501  0.012092   1.40356 -0.003477
0.199727	  1.11179 -0.810621 -0.037569  -2.22543  0.012201   1.40345 -0.003568
0.200727	  1.11851  -0.80957 -0.036207  -2.22585  0.012306   1.40335 -0.003657
0.201727	  1.12514 -0.808522 -0.034852  -2.22627  0.012406   1.40324 -0.003745
0.202727	   1.1317 -0.807478 -0.033503  -2.22668  0.012503   1.40313 -0.003831
0.203727	  1.13818 -0.806439 -0.032161  -2.22709  0.012595   1.40302 -0.003916
0.204727	  1.14459 -0.805404 -0.030825   -2.2275  0.012682   1.40291 -0.003999
0.205727	  1.15092 -0.804374 -0.029496  -2.22791  0.012766    1.4028 -0.004081
0.206727	  1.15718  -0.80335 -0.028174  -2.22831  0.012845   1.40269 -0.004161
0.207727	  1.16337  -0.80233 -0.026859  -2.22872  0.012921   1.40257  -0.00424
0.208727	  1.16949 -0.801316 -0.025551  -2.22912  0.012992   1.40246 -0.004318
0.209727	  1.17553 -0.800307  -0.02425  -2.22951  0.013059   1.40235 -0.004394
0.210727	  1.18151 -0.799305 -0.022956  -2.22991  0.013123   1.40224 -0.004468
0.211727	  1.18741 -0.798308  -0.02167   -2.2303  0.013182   1.40213 -0.004541
0.212727	  1.19324 -0.797318 -0.020391  -2.23069  0.013237   1.40202 -0.004613
0.213727	  1.19901 -0.796334  -0.01912  -2.23108  0.013289    1.4019 -0.004683
0.214727	   1.2047 -0.795357 -0.017856  -2.23146  0.013337   1.40179 -0.004752
0.215727	  1.21033 -0.794387   -0.0166  -2.23184  0.013381   1.40168 -0.004819
0.216727	  1.21589 -0.793424 -0.015352  -2.23222  0.013421   1.40157 -0.004886
0.217727	  1.22138 -0.792467 -0.014111  -2.23259  0.013458   1.40146  -0.00495
0.218727	  1.22681 -0.791519 -0.012879  -2.23296  0.013491   1.40135 -0.005014
0.219727	  1.23217 -0.790577 -0.011655  -2.23333   0.01352   1.40123 -0.005076
0.220727	  1.23747 -0.789643 -0.010439   -2.2337  0.013546   1.40112 -0.005137
0.221727	   1.2427 -0.788717 -0.009232  -2.23406  0.013569   1.40101 -0.005196
0.222727	  1.24787 -0.787799 -0.008033  -2.23442  0.013588    1.4009 -0.005254
0.223727	  1.25297 -0.786889 -0.006842  -2.23478  0.013604   1.40079 -0.005311
0.224727	  1.25802 -0.785987  -0.00566  -2.23513  0.013617   1.40068 -0.005367
0.225727	    1.263 -0.785094 -0.004487  -2.23549  0.013626   1.40057 -0.005421
0.226727	  1.26792 -0.784208 -0.003322  -2.23583  0.013632   1.40046 -0.005474
0.227727	  1.27277 -0.783332 -0.002166  -2.23618  0.013635   1.40034 -0.005526
0.228727	  1.27757 -0.782464  -0.00102  -2.23652  0.013635   1.40023 -0.005577
0.229727	  1.28231 -0.781605  0.000118  -2.23686  0.013632   1.40013 -0.005626
0.230727	  1.28699 -0.780754  0.001247  -2.23719  0.013626   1.40002 -0.005675
0.231727	  1.29161 -0.779913  0.002366  -2.23752  0.013618   1.39991 -0.005722
0.232727	  1.29617  -0.77908  0.003476  -2.23785  0.013606    1.3998 -0.005768
0.233727	  1.30068 -0.778257  0.004577  -2.23818  0.013592   1.39969 -0.005812
0.234727	  1.30512 -0.777443  0.005668   -2.2385  0.013575   1.39958 -0.005856
0.235727	  1.30952 -0.776638   0.00675  -2.23882  0.013555   1.39948 -0.005899
0.236727	  1.31385 -0.775843  0.007822  -2.23913  0.013533   1.39937  -0.00594
0.237727	  1.31813 -0.775057  0.008884  -2.23944  0.013508   1.39926  -0.00598
0.238727	  1.32236 -0.774281  0.009937  -2.23975  0.013481   1.39916 -0.006019
0.239727	  1.32653 -0.773514   0.01098  -2.24005  0.013451   1.39905 -0.006057
0.240727	  1.33065 -0.772757  0.012013  -2.24036  0.013419   1.39895 -0.006095
0.241727	  1.33472 -0.772009  0.013036  -2.24065  0.013384   1.39884  -0.00613
0.242727	  1.33873 -0.771272  0.014049  -2.24095  0.013348   1.39874 -0.006165
0.243727	  1.34269 -0.770544  0.015052  -2.24124  0.013309   1.39864 -0.006199
0.244727	   1.3466 -0.769825  0.016045  -2.24152  0.013268   1.39853 -0.006232
0.245727	  1.35046 -0.769117  0.017028  -2.24181  0.013225   1.39843 -0.006264
0.246727	  1.35427 -0.768419     0.018  -2.24208   0.01318   1.39833 -0.006295
0.247727	  1.35803  -0.76773  0.018963  -2.24236  0.013133   1.39823 -0.006325
0.248727	  1.36174 -0.767052  0.019915  -2.24263  0.013085   1.39813 -0.006354
0.249727	   1.3654 -0.766383  0.020856   -2.2429  0.013034   1.39803 -0.006381
0.250727	  1.36902 -0.765725  0.021787  -2.24317  0.012981   1.39793 -0.006408
0.251727	  1.37258 -0.765077  0.022708  -2.24343  0.012927   1.39783 -0.006434
0.252727	   1.3761 -0.764438  0.023618  -2.24369  0.012871   1.39773  -0.00646
0.253727	  1.37957  -0.76381  0.024517  -2.24394  0.012814   1.39764 -0.006484
0.254727	    1.383 -0.763192  0.025406  -2.24419  0.012755   1.39754 -0.006507
0.255727	  1.38638 -0.762583  0.026285  -2.24444  0.012694   1.39745 -0.006529
0.256727	  1.38971 -0.761985  0.027152  -2.24468  0.012632   1.39735 -0.006551
0.257727	  1.39301 -0.761397  0.028009  -2.24492  0.012569   1.39726 -0.006572
0.258727	  1.39625 -0.760819  0.028856  -2.24515  0.012504   1.39717 -0.006591
0.259727	  1.39945 -0.760251  0.029691  -2.24539  0.012438   1.39707  -0.00661
0.260727	  1.40261 -0.759694  0.030516  -2.24561   0.01237   1.39698 -0.006628
0.261727	  1.40573 -0.759146   0.03133  -2.24584  0.012302   1.39689 -0.006646
0.262727	   1.4088 -0.758608  0.032133  -2.24606  0.012232    1.3968 -0.006662
0.263727	  1.41184  -0.75808  0.032926  -2.24627  0.012161   1.39671 -0.006678
0.264727	  1.41483 -0.757562  0.033707  -2.24649  0.012089   1.39662 -0.006693
0.265727	  1.41778 -0.757054  0.034478   -2.2467  0.012016   1.39654 -0.006707
0.266727	  1.42069 -0.756556  0.035238   -2.2469  0.011942   1.39645  -0.00672
0.267727	  1.42356 -0.756068  0.035987   -2.2471  0.011867   1.39636 -0.006732
0.268727	  1.42639  -0.75559  0.036725   -2.2473  0.011791   1.39628 -0.006744
0.269727	  1.42918 -0.755122  0.037452  -2.24749  0.011715   1.39619 -0.006755
0.270727	  1.43193 -0.754663  0.038168  -2.24768  0.011637   1.39611 -0.006766
0.271727	  1.43464 -0.754215  0.038874  -2.24787  0.011559   1.39603 -0.006775
0.272727	  1.43732 -0.753776  0.039569  -2.24805   0.01148   1.39594 -0.006784
0.273727	  1.43996 -0.753346  0.040252  -2.24823  0.011401   1.39586 -0.006792
0.274727	  1.44256 -0.752927  0.040925  -2.24841  0.011321   1.39578   -0.0068
0.275727	  1.44513 -0.752517  0.041587  -2.24858   0.01124    1.3957 -0.006806
0.276727	  1.44765 -0.752116  0.042239  -2.24875  0.011158   1.39563 -0.006812
0.277727	  1.45015 -0.751725  0.042879  -2.24891  0.011077   1.39555 -0.006818
0.278727	  1.45261 -0.751344  0.043509  -2.24907  0.010994   1.39547 -0.006823
0.279727	  1.45503 -0.750971  0.044128  -2.24923  0.010911   1.39539 -0.006827
0.280727	  1.45742 -0.750609  0.044736  -2.24938  0.010828   1.39532  -0.00683
0.281727	  1.45977 -0.750255  0.045333  -2.24953  0.010745   1.39525 -0.006833
0.282727	  1.46209 -0.749911   0.04592  -2.24967  0.010661   1.39517 -0.006835
0.283727	  1.46438 -0.749576  0.046496  -2.24981  0.010577    1.3951 -0.006837
0.284727	  1.46663  -0.74925  0.047061  -2.24995  0.010492   1.39503 -0.006838
0.285727	  1.46885 -0.748933  0.047616  -2.25009  0.010407   1.39496 -0.006838
0.286727	  1.47104 -0.748625   0.04816  -2.25022  0.010322   1.39489 -0.006838
0.287727	   1.4732 -0.748326  0.048693  -2.25034  0.010237   1.39482 -0.006838
0.288727	  1.47532 -0.748036  0.049216  -2.25047  0.010152   1.39475 -0.006836
0.289727	  1.47741 -0.747755  0.049729  -2.25059  0.010067   1.39468 -0.006834
0.290727	  1.47948 -0.747483  0.050231   -2.2507  0.009981   1.39462 -0.006832
0.291727	  1.48151 -0.747219  0.050722  -2.25081  0.009896   1.39455 -0.006829
0.292727	  1.48351 -0.746964  0.051203  -2.25092   0.00981   1.39449 -0.006826
0.293727	  1.48548 -0.746717  0.051674  -2.25103  0.009724   1.39442 -0.006822
0.294727	  1.48743 -0.746479  0.052135  -2.25113  0.009639   1.39436 -0.006817
0.295727	  1.48934 -0.746249  0.052585  -2.25123  0.009553    1.3943 -0.006812
0.296727	  1.49123 -0.746027  0.053025  -2.25132  0.009468   1.39424 -0.006807
0.297727	  1.49308 -0.745814  0.053455  -2.25141  0.009383   1.39418 -0.006801
0.298727	  1.49491 -0.745609  0.053875   -2.2515  0.009297   1.39412 -0.006794
0.299727	  1.49671 -0.745412  0.054285  -2.25158  0.009212   1.39406 -0.006787
0.300727	  1.49849 -0.745223  0.054684  -2.25166  0.009127     1.394  -0.00678
0.301727	  1.50023 -0.745042  0.055074  -2.25174  0.009043   1.39394 -0.006772
0.302727	  1.50195 -0.744869  0.055454  -2.25181  0.008958   1.39389 -0.006763
0.303727	  1.50364 -0.744704  0.055824  -2.25188  0.008874   1.39383 -0.006754
0.304727	  1.50531 -0.744546  0.056184  -2.25195   0.00879   1.39378 -0.006745
0.305727	  1.50695 -0.744396  0.056535  -2.25201  0.008706   1.39372 -0.006735
0.306727	  1.50856 -0.744254  0.056876  -2.25207  0.008622   1.39367 -0.006725
0.307727	  1.51015 -0.744119  0.057207  -2.25213  0.008539   1.39362 -0.006715
0.308854	  1.51172 -0.743991  0.057529  -2.25218  0.008456   1.39357 -0.006704
0.309854	  1.51326 -0.743871  0.057841  -2.25223  0.008374   1.39352 -0.006692
0.310854	  1.51477 -0.743758  0.058144  -2.25228  0.008291   1.39347 -0.006681
0.311854	  1.51627 -0.743652  0.058438  -2.25232  0.008209   1.39342 -0.006668
0.312854	  1.51773 -0.743553  0.058722  -2.25236  0.008128   1.39337 -0.006656
0.313854	  1.51918 -0.743461  0.058997   -2.2524  0.008047   1.39333 -0.006643
0.314854	   1.5206 -0.743377  0.059263  -2.25243  0.007966   1.39328  -0.00663
0.315854	  1.52199 -0.743298  0.059519  -2.25246  0.007886   1.39324 -0.006616
0.316854	  1.52337 -0.743227  0.059767  -2.25249  0.007806   1.39319 -0.006602
0.317854	  1.52472 -0.743163  0.060006  -2.25252  0.007727   1.39315 -0.006587
0.318854	  1.52605 -0.743105  0.060236  -2.25254  0.007648   1.39311 -0.006573
0.319854	  1.52736 -0.743053  0.060457  -2.25256  0.007569   1.39306 -0.006558
0.320854	  1.52865 -0.743008  0.060669  -2.25257  0.007491   1.39302 -0.006542
0.321854	  1.52991 -0.742969  0.060873  -2.25258  0.007414   1.39298 -0.006526
0.322854	  1.53116 -0.742937  0.061068  -2.25259  0.007336   1.39294  -0.00651
0.323854	  1.53238  -0.74291  0.061255   -2.2526   0.00726    1.3929 -0.006494
0.324854	  1.53358  -0.74289  0.061433  -2.25261  0.007184   1.39286 -0.006477
0.325854	  1.53476 -0.742876  0.061602  -2.25261  0.007108   1.39283  -0.00646
0.326854	  1.53592 -0.742867  0.061764   -2.2526  0.007033   1.39279 -0.006443
0.327854	  1.53707 -0.742865  0.061917   -2.2526  0.006959   1.39275 -0.006425
0.328854	  1.53808 -0.742868  0.062048  -2.25259  0.006893   1.39272 -0.006409
0.329854	  1.53918 -0.742876  0.062186  -2.25258  0.006819   1.39269 -0.006391
0.330854	  1.54027  -0.74289  0.062316  -2.25257  0.006746   1.39265 -0.006373
0.331854	  1.54133  -0.74291  0.062438  -2.25256  0.006674   1.39262 -0.006354
0.332854	  1.54238 -0.742935  0.062552  -2.25254  0.006603   1.39259 -0.006335
0.333854	  1.54341 -0.742965  0.062659  -2.25252  0.006531   1.39256 -0.006316
0.334854	  1.54442 -0.743001  0.062757   -2.2525  0.006461   1.39253 -0.006296
0.335854	  1.54542 -0.743042  0.062849  -2.25247  0.006391    1.3925 -0.006276
0.336854	  1.54639 -0.743088  0.062932  -2.25244  0.006322   1.39247 -0.006256
0.337854	  1.54735 -0.743139  0.063008  -2.25241  0.006253   1.39244 -0.006236
0.338854	  1.54829 -0.743195  0.063077  -2.25238  0.006185   1.39241 -0.006216
0.339854	  1.54921 -0.743256  0.063139  -2.25234  0.006117   1.39238 -0.006195
0.340854	  1.55012 -0.743322  0.063193   -2.2523  0.006051   1.39236 -0.006174
0.341854	  1.55101 -0.743392   0.06324  -2.25226  0.005984   1.39233 -0.006153
0.342854	  1.55188 -0.743468  0.063281  -2.25222  0.005919    1.3923 -0.006131
0.343854	  1.55274 -0.743547  0.063314  -2.25217  0.005854   1.39228  -0.00611
0.344854	  1.55358 -0.743632   0.06334  -2.25213  0.005789   1.39225 -0.006088
0.345854	  1.55441  -0.74372   0.06336  -2.25208  0.005725   1.39223 -0.006066
0.346854	  1.55521 -0.743813  0.063373  -2.25203  0.005662   1.39221 -0.006044
0.347854	  1.55601 -0.743911  0.063379  -2.25197    0.0056   1.39219 -0.006021
0.348854	  1.55679 -0.744012  0.063379  -2.25192  0.005538   1.39216 -0.005999
0.349854	  1.55755 -0.744118  0.063372  -2.25186  0.005476   1.39214 -0.005976
0.350854	   1.5583 -0.744228  0.063359   -2.2518  0.005416   1.39212 -0.005953
0.351854	  1.55903 -0.744342  0.063339  -2.25174  0.005355    1.3921  -0.00593
0.352854	  1.55975 -0.744459  0.063313  -2.25167  0.005296   1.39208 -0.005907
0.353854	  1.56046 -0.744581  0.063281  -2.25161  0.005237   1.39206 -0.005883
0.354854	  1.56115 -0.744706  0.063243  -2.25154  0.005179   1.39205  -0.00586
0.355854	  1.56182 -0.744835    0.0632  -2.25147  0.005121   1.39203 -0.005836
0.356854	  1.56249 -0.744968   0.06315   -2.2514  0.005064   1.39201 -0.005812
0.357854	  1.56314 -0.745104  0.063094  -2.25132  0.005008   1.39199 -0.005788
0.358854	  1.56377 -0.745243  0.063033  -2.25125  0.004952   1.39198 -0.005764
0.359854	   1.5644 -0.745386  0.062966  -2.25117  0.004897   1.39196 -0.005739
0.360854	  1.56501 -0.745533  0.062893  -2.25109  0.004843   1.39195 -0.005715
0.361854	   1.5656 -0.745682  0.062815  -2.25101  0.004789   1.39193  -0.00569
0.362854	  1.56619 -0.745835  0.062731  -2.25093  0.004736   1.39192 -0.005665
0.363854	  1.56676 -0.745991  0.062642  -2.25084  0.004683   1.39191  -0.00564
0.364854	  1.56732  -0.74615  0.062548  -2.25076  0.004631   1.39189 -0.005615
0.365854	  1.56787 -0.746312  0.062449  -2.25067   0.00458   1.39188  -0.00559
0.366854	   1.5684 -0.746477  0.062344  -2.25058  0.004529   1.39187 -0.005565
0.367854	  1.56893 -0.746645  0.062234  -2.25049  0.004479   1.39186  -0.00554
0.368854	  1.56944 -0.746816   0.06212   -2.2504  0.004429   1.39185 -0.005514
0.369854	  1.56994  -0.74699  0.062001   -2.2503   0.00438   1.39184 -0.005489
0.370854	  1.57043 -0.747166  0.061876  -2.25021  0.004332   1.39183 -0.005463
0.371854	  1.57091 -0.747345  0.061748  -2.25011  0.004284   1.39182 -0.005437
0.372854	  1.57138 -0.747526  0.061614  -2.25001  0.004237   1.39181 -0.005411
0.373854	  1.57183  -0.74771  0.061476  -2.24992   0.00419    1.3918 -0.005385
0.374854	  1.57228 -0.747896  0.061333  -2.24981  0.004144   1.39179 -0.005359
0.375854	  1.57271 -0.748085  0.061186  -2.24971  0.004098   1.39178 -0.005333
0.376854	  1.57314 -0.748276  0.061035  -2.24961  0.004053   1.39177 -0.005307
0.377854	  1.57355 -0.748469  0.060879  -2.24951  0.004009   1.39177 -0.005281
0.378854	  1.57396 -0.748664   0.06072   -2.2494  0.003965   1.39176 -0.005255
0.379854	  1.57435 -0.748862  0.060556  -2.24929  0.003922   1.39176 -0.005228
0.380854	  1.57473 -0.749062  0.060388  -2.24919  0.003879   1.39175 -0.005202
0.381854	  1.57511 -0.749263  0.060216  -2.24908  0.003837   1.39174 -0.005175
0.382854	  1.57547 -0.749467   0.06004  -2.24897  0.003796   1.39174 -0.005149
0.383854	  1.57583 -0.749673  0.059861  -2.24886  0.003755   1.39173 -0.005122
0.384854	  1.57618  -0.74988  0.059677  -2.24874  0.003714   1.39173 -0.005095
0.385854	  1.57652 -0.750089   0.05949  -2.24863  0.003674   1.39173 -0.005068
0.386854	  1.57684 -0.750301  0.059299  -2.24852  0.003635   1.39172 -0.005042
0.387854	  1.57716 -0.750513  0.059105   -2.2484  0.003596   1.39172 -0.005015
0.388854	  1.57747 -0.750728  0.058908  -2.24829  0.003558   1.39172 -0.004988
0.389854	  1.57778 -0.750944  0.058707  -2.24817   0.00352   1.39171 -0.004961
0.390854	  1.57807 -0.751161  0.058502  -2.24805  0.003483   1.39171 -0.004934
0.391854	  1.57836  -0.75138  0.058295  -2.24793  0.003446   1.39171 -0.004907
0.392854	  1.57863 -0.751601  0.058084  -2.24782  0.003409   1.39171  -0.00488
0.393854	   1.5789 -0.751823   0.05787   -2.2477  0.003374   1.39171 -0.004853
0.394854	  1.57916 -0.752046  0.057653  -2.24757  0.003338   1.39171 -0.004826
0.395854	  1.57942  -0.75227  0.057433  -2.24745  0.003303    1.3917 -0.004799
0.396854	  1.57966 -0.752496   0.05721  -2.24733  0.003269    1.3917 -0.004772
0.397854	   1.5799 -0.752723  0.056985  -2.24721  0.003235    1.3917 -0.004745
0.398854	  1.58013 -0.752951  0.056756  -2.24709  0.003202    1.3917 -0.004718
0.399854	  1.58036  -0.75318  0.056525  -2.24696  0.003169    1.3917 -0.004691
0.400854	  1.58057 -0.753411  0.056291  -2.24684  0.003137   1.39171 -0.004664
0.401854	  1.58078 -0.753642  0.056055  -2.24671  0.003105   1.39171 -0.004636
0.402854	  1.58099 -0.753874  0.055816  -2.24659  0.003073   1.39171 -0.004609
0.403854	  1.58118 -0.754108  0.055574  -2.24646  0.003042   1.39171 -0.004582
0.404854	  1.58137 -0.754342  0.055331  -2.24633  0.003011   1.39171 -0.004555
0.405854	  1.58155 -0.754577  0.055085  -2.24621  0.002981   1.39171 -0.004528
0.406854	  1.58173 -0.754813  0.054836  -2.24608  0.002952   1.39172 -0.004501
0.407854	   1.5819 -0.755049  0.054586  -2.24595  0.002922   1.39172 -0.004474
0.408854	  1.58206 -0.755286  0.054333  -2.24582  0.002893   1.39172 -0.004446
0.409854	  1.58221 -0.755524  0.054078  -2.24569  0.002865   1.39172 -0.004419
0.410854	  1.58237 -0.755763  0.053821  -2.24556  0.002837   1.39173 -0.004392
0.411854	  1.58251 -0.756002  0.053562  -2.24544  0.002809   1.39173 -0.004365
0.412854	  1.58265 -0.756242  0.053301  -2.24531  0.002782   1.39173 -0.004338
0.413854	  1.58278 -0.756482  0.053039  -2.24518  0.002755   1.39174 -0.004311
0.414854	  1.58291 -0.756723  0.052774  -2.24504  0.002729   1.39174 -0.004284
0.415854	  1.58303 -0.756964  0.052508  -2.24491  0.002703   1.39175 -0.004257
0.416854	  1.58315 -0.757206   0.05224  -2.24478  0.002677   1.39175  -0.00423
0.417854	  1.58326 -0.757448  0.051971  -2.24465  0.002652   1.39175 -0.004203
0.418854	  1.58336  -0.75769    0.0517  -2.24452  0.002627   1.39176 -0.004177
0.419854	  1.58346 -0.757933  0.051427  -2.24439  0.002603   1.39176  -0.00415
0.420854	  1.58356 -0.758176  0.051153  -2.24426  0.002578   1.39177 -0.004123
0.421854	  1.58365 -0.758419  0.050878  -2.24413  0.002555   1.39177 -0.004096
0.422854	  1.58373 -0.758663  0.050601  -2.24399  0.002531   1.39178  -0.00407
0.423854	  1.58381 -0.758906  0.050323  -2.24386  0.002508   1.39178 -0.004043
0.424854	  1.58389  -0.75915  0.050044  -2.24373  0.002486   1.39179 -0.004016
0.425854	  1.58396 -0.759394  0.049763   -2.2436  0.002463   1.39179  -0.00399
0.426854	  1.58403 -0.759638  0.049481  -2.24347  0.002441    1.3918 -0.003963
0.427854	  1.58409 -0.759882  0.049199  -2.24334   0.00242   1.39181 -0.003937
0.428854	  1.58414 -0.760126  0.048915   -2.2432  0.002398   1.39181  -0.00391
0.429854	   1.5842  -0.76037   0.04863  -2.24307  0.002377   1.39182 -0.003884
0.430854	  1.58425 -0.760614  0.048344  -2.24294  0.002356   1.39183 -0.003858
0.431854	  1.58429 -0.760858  0.048057  -2.24281  0.002336   1.39183 -0.003831
0.432854	  1.58433 -0.761102   0.04777  -2.24268  0.002316   1.39184 -0.003805
0.433854	  1.58437 -0.761345  0.047481  -2.24254  0.002296   1.39184 -0.003779
0.434854	   1.5844 -0.761589  0.047192  -2.24241  0.002277   1.39185 -0.003753
0.435854	  1.58443 -0.761832  0.046902  -2.24228  0.002258   1.39186 -0.003727
0.436854	  1.58445 -0.762076  0.046612  -2.24215  0.002239   1.39187 -0.003701
0.437854	  1.58448 -0.762318   0.04632  -2.24202   0.00222   1.39187 -0.003675
0.438854	  1.58449 -0.762561  0.046028  -2.24189  0.002202   1.39188 -0.003649
0.439854	  1.58451 -0.762804  0.045736  -2.24175  0.002184   1.39189 -0.003623
0.440854	  1.58452 -0.763046  0.045443  -2.24162  0.002166   1.39189 -0.003598
0.441854	  1.58453 -0.763287   0.04515  -2.24149  0.002149    1.3919 -0.003572
0.442854	  1.58453 -0.763529  0.044856  -2.24136  0.002131   1.39191 -0.003547
0.443854	  1.58453  -0.76377  0.044562  -2.24123  0.002114   1.39192 -0.003521
0.444854	  1.58453  -0.76401  0.044268   -2.2411  0.002098   1.39193 -0.003496
0.445854	  1.58452 -0.764251  0.043973  -2.24097  0.002081   1.39193  -0.00347
0.446854	  1.58451  -0.76449  0.043678  -2.24084  0.002065   1.39194 -0.003445
0.447854	  1.5845 -0.76473 0.043383 -2.24071 0.002049  1.39195 -0.00342
0.448854	  1.58449 -0.764968  0.043087  -2.24059  0.002034   1.39196 -0.003395
0.449854	  1.58447 -0.765207  0.042792  -2.24046  0.002018   1.39196  -0.00337
0.450854	  1.58445 -0.765444  0.042496  -2.24033  0.002003   1.39197 -0.003345
0.451854	  1.58443 -0.765682    0.0422   -2.2402  0.001988   1.39198  -0.00332
0.452854	   1.5844 -0.765918  0.041904  -2.24008  0.001973   1.39199 -0.003295
0.453854	  1.58438 -0.766154  0.041609  -2.23995  0.001959     1.392 -0.003271
0.454854	  1.58434  -0.76639  0.041313  -2.23982  0.001945     1.392 -0.003246
0.455854	  1.58431 -0.766625  0.041017   -2.2397   0.00193   1.39201 -0.003222
0.456854	  1.58428 -0.766859  0.040722  -2.23957  0.001917   1.39202 -0.003197
0.457854	  1.58424 -0.767092  0.040426  -2.23944  0.001903   1.39203 -0.003173
0.458854	   1.5842 -0.767325  0.040131  -2.23932   0.00189   1.39204 -0.003149
0.459854	  1.58416 -0.767557  0.039836  -2.23919  0.001876   1.39205 -0.003125
0.460854	  1.58411 -0.767789  0.039541  -2.23907  0.001863   1.39205 -0.003101
0.461854	  1.58407 -0.768019  0.039247  -2.23895   0.00185   1.39206 -0.003077
0.462854	  1.58402 -0.768249  0.038952  -2.23882  0.001838   1.39207 -0.003053
0.463854	  1.58397 -0.768478  0.038658   -2.2387  0.001825   1.39208 -0.003029
0.464854	  1.58391 -0.768707  0.038365  -2.23858  0.001813   1.39209 -0.003005
0.465854	  1.58386 -0.768934  0.038072  -2.23845  0.001801    1.3921 -0.002982
0.466854	   1.5838 -0.769161  0.037779  -2.23833  0.001789    1.3921 -0.002958
0.467854	  1.58375 -0.769387  0.037487  -2.23821  0.001777   1.39211 -0.002935
0.468854	  1.58369 -0.769612  0.037195  -2.23809  0.001766   1.39212 -0.002912
0.469854	  1.58363 -0.769836  0.036904  -2.23797  0.001754   1.39213 -0.002889
0.470854	  1.58356  -0.77006  0.036613  -2.23785  0.001743   1.39214 -0.002865
0.471854	   1.5835 -0.770282  0.036323  -2.23773  0.001732   1.39215 -0.002842
0.472854	  1.58343 -0.770504  0.036033  -2.23761  0.001721   1.39216  -0.00282
0.473854	  1.58336 -0.770725  0.035744   -2.2375   0.00171   1.39216 -0.002797
0.474854	  1.58329 -0.770945  0.035455  -2.23738    0.0017   1.39217 -0.002774
0.475854	  1.58322 -0.771164  0.035168  -2.23726  0.001689   1.39218 -0.002752
0.476854	  1.58315 -0.771381  0.034881  -2.23715  0.001679   1.39219 -0.002729
0.477854	  1.58308 -0.771598  0.034594  -2.23703  0.001669    1.3922 -0.002707
0.478854	    1.583 -0.771815  0.034309  -2.23692  0.001659   1.39221 -0.002685
0.479854	  1.58293  -0.77203  0.034024   -2.2368  0.001649   1.39221 -0.002662
0.480854	  1.58285 -0.772244   0.03374  -2.23669  0.001639   1.39222  -0.00264
0.481854	  1.58277 -0.772457  0.033456  -2.23657   0.00163   1.39223 -0.002619
0.482854	  1.58269 -0.772669  0.033174  -2.23646   0.00162   1.39224 -0.002597
0.483854	  1.58261  -0.77288  0.032892  -2.23635  0.001611   1.39225 -0.002575
0.484854	  1.58253  -0.77309  0.032612  -2.23624  0.001602   1.39226 -0.002553
0.485854	  1.58245 -0.773299  0.032332  -2.23612  0.001593   1.39227 -0.002532
0.486854	  1.58237 -0.773507  0.032053  -2.23602  0.001584   1.39227 -0.002511
0.487854	  1.58228 -0.773714  0.031775   -2.2359  0.001575   1.39228 -0.002489
0.488854	   1.5822  -0.77392  0.031498   -2.2358  0.001566   1.39229 -0.002468
0.489854	  1.58211 -0.774125  0.031221  -2.23569  0.001558    1.3923 -0.002447
0.490854	  1.58202 -0.774329  0.030946  -2.23558  0.001549   1.39231 -0.002426
0.491854	  1.58194 -0.774531  0.030672  -2.23547  0.001541   1.39231 -0.002405
0.492854	  1.58185 -0.774733  0.030399  -2.23536  0.001533   1.39232 -0.002385
0.493854	  1.58176 -0.774934  0.030127  -2.23526  0.001524   1.39233 -0.002364
0.494854	  1.58167 -0.775133  0.029856  -2.23515  0.001516   1.39234 -0.002344
0.495854	  1.58158 -0.775331  0.029586  -2.23505  0.001508   1.39235 -0.002323
0.496854	  1.58149 -0.775529  0.029317  -2.23495  0.001501   1.39235 -0.002303
0.497854	   1.5814 -0.775725  0.029049  -2.23484  0.001493   1.39236 -0.002283
0.498854	   1.5813  -0.77592  0.028782  -2.23474  0.001485   1.39237 -0.002263
0.499854	  1.58121 -0.776114  0.028516  -2.23464  0.001478   1.39238 -0.002243
0.500854	  1.58112 -0.776306  0.028252  -2.23454   0.00147   1.39238 -0.002223
0.501854	  1.58102 -0.776498  0.027988  -2.23443  0.001463   1.39239 -0.002203
0.502854	  1.58093 -0.776688  0.027726  -2.23433  0.001455    1.3924 -0.002184
0.503854	  1.58083 -0.776878  0.027465  -2.23423  0.001448   1.39241 -0.002164
0.504854	  1.58074 -0.777066  0.027205  -2.23414  0.001441   1.39242 -0.002145
0.505854	  1.58065 -0.777253  0.026947  -2.23404  0.001434   1.39242 -0.002126
0.506854	  1.58055 -0.777439  0.026689  -2.23394  0.001427   1.39243 -0.002107
0.507854	  1.58045 -0.777623  0.026433  -2.23384   0.00142   1.39244 -0.002088
0.508854	  1.58036 -0.777807  0.026178  -2.23375  0.001413   1.39244 -0.002069
0.509854	  1.58026 -0.777989  0.025925  -2.23365  0.001407   1.39245  -0.00205
0.510854	  1.58016  -0.77817  0.025672  -2.23356    0.0014   1.39246 -0.002031
0.511854	  1.58007  -0.77835  0.025421  -2.23346  0.001393   1.39247 -0.002013
0.512854	  1.57997 -0.778529  0.025171  -2.23337  0.001387   1.39247 -0.001994
0.513854	  1.57987 -0.778706  0.024923  -2.23328   0.00138   1.39248 -0.001976
0.514854	  1.57978 -0.778883  0.024675  -2.23319  0.001374   1.39249 -0.001958
0.515854	  1.57968 -0.779058  0.024429  -2.23309  0.001368    1.3925  -0.00194
0.516854	  1.57958 -0.779232  0.024185    -2.233  0.001362    1.3925 -0.001922
0.517854	  1.57948 -0.779405  0.023941  -2.23291  0.001355   1.39251 -0.001904
0.518854	  1.57939 -0.779577  0.023699  -2.23283  0.001349   1.39252 -0.001886
0.519854	  1.57929 -0.779747  0.023459  -2.23274  0.001343   1.39252 -0.001868
0.520854	  1.57919 -0.779916  0.023219  -2.23265  0.001337   1.39253 -0.001851
0.521854	  1.57909 -0.780084  0.022981  -2.23256  0.001331   1.39254 -0.001834
0.522854	    1.579 -0.780251  0.022745  -2.23247  0.001325   1.39254 -0.001816
0.523854	   1.5789 -0.780417  0.022509  -2.23239  0.001319   1.39255 -0.001799
0.524854	   1.5788 -0.780581  0.022276   -2.2323  0.001314   1.39256 -0.001782
0.525854	  1.57871 -0.780744  0.022043  -2.23222  0.001308   1.39256 -0.001765
0.526854	  1.57861 -0.780906  0.021812  -2.23214  0.001302   1.39257 -0.001748
0.527854	  1.57851 -0.781067  0.021582  -2.23205  0.001297   1.39257 -0.001732
0.528854	  1.57841 -0.781227  0.021354  -2.23197  0.001291   1.39258 -0.001715
0.529854	  1.57832 -0.781385  0.021127  -2.23189  0.001285   1.39259 -0.001698
0.530854	  1.57822 -0.781542  0.020902  -2.23181   0.00128   1.39259 -0.001682
0.531854	  1.57812 -0.781698  0.020678  -2.23173  0.001274    1.3926 -0.001666
0.532854	  1.57803 -0.781853  0.020455  -2.23165  0.001269   1.39261  -0.00165
0.533854	  1.57793 -0.782007  0.020234  -2.23157  0.001264   1.39261 -0.001634
0.534854	  1.57784 -0.782159  0.020014  -2.23149  0.001258   1.39262 -0.001618
0.535854	  1.57774  -0.78231  0.019795  -2.23141  0.001253   1.39262 -0.001602
0.536854	  1.57765  -0.78246  0.019579  -2.23134  0.001248   1.39263 -0.001586
0.537854	  1.57755 -0.782609  0.019363  -2.23126  0.001243   1.39263 -0.001571
0.538854	  1.57746 -0.782757  0.019149  -2.23118  0.001237   1.39264 -0.001555
0.539854	  1.57736 -0.782903  0.018936  -2.23111  0.001232   1.39264  -0.00154
0.540854	  1.57727 -0.783048  0.018725  -2.23104  0.001227   1.39265 -0.001525
0.541854	  1.57718 -0.783192  0.018515  -2.23096  0.001222   1.39266 -0.001509
0.542854	  1.57708 -0.783335  0.018307  -2.23089  0.001217   1.39266 -0.001494
0.543854	  1.57699 -0.783476    0.0181  -2.23082  0.001212   1.39267  -0.00148
0.544854	   1.5769 -0.783617  0.017895  -2.23075  0.001207   1.39267 -0.001465
0.545854	  1.57681 -0.783756  0.017691  -2.23068  0.001202   1.39268  -0.00145
0.546854	  1.57672 -0.783894  0.017488  -2.23061  0.001197   1.39268 -0.001435
0.547854	  1.57662 -0.784031  0.017287  -2.23054  0.001192   1.39269 -0.001421
0.548854	  1.57653 -0.784166  0.017088  -2.23047  0.001188   1.39269 -0.001407
0.549854	  1.57644 -0.784301  0.016889   -2.2304  0.001183    1.3927 -0.001392
0.550854	  1.57635 -0.784434  0.016693  -2.23033  0.001178    1.3927 -0.001378
0.551854	  1.57626 -0.784566  0.016497  -2.23027  0.001173   1.39271 -0.001364
0.552854	  1.57618 -0.784697  0.016304   -2.2302  0.001169   1.39271  -0.00135
0.553854	  1.57609 -0.784827  0.016111  -2.23013  0.001164   1.39271 -0.001337
0.554854	    1.576 -0.784955   0.01592  -2.23007  0.001159   1.39272 -0.001323
0.555854	  1.57591 -0.785082  0.015731     -2.23  0.001155   1.39272 -0.001309
0.556854	  1.57582 -0.785209  0.015543  -2.22994   0.00115   1.39273 -0.001296
0.557854	  1.57574 -0.785334  0.015356  -2.22988  0.001145   1.39273 -0.001282
0.558854	  1.57565 -0.785458  0.015171  -2.22982  0.001141   1.39274 -0.001269
0.559854	  1.57557  -0.78558  0.014988  -2.22975  0.001136   1.39274 -0.001256
0.560854	  1.57548 -0.785702  0.014805  -2.22969  0.001132   1.39275 -0.001243
0.561854	   1.5754 -0.785822  0.014625  -2.22963  0.001127   1.39275  -0.00123
0.562854	  1.57531 -0.785942  0.014445  -2.22957  0.001123   1.39275 -0.001217
0.563854	  1.57523  -0.78606  0.014267  -2.22952  0.001118   1.39276 -0.001204
0.564854	  1.57515 -0.786177  0.014091  -2.22946  0.001114   1.39276 -0.001192
0.565854	  1.57506 -0.786293  0.013916   -2.2294  0.001109   1.39277 -0.001179
0.566854	  1.57498 -0.786407  0.013742  -2.22934  0.001105   1.39277 -0.001166
0.567854	   1.5749 -0.786521   0.01357  -2.22929    0.0011   1.39277 -0.001154
0.568854	  1.57482 -0.786633  0.013399  -2.22923  0.001096   1.39278 -0.001142
0.569854	  1.57474 -0.786745   0.01323  -2.22917  0.001091   1.39278  -0.00113
0.570854	  1.57466 -0.786855  0.013062  -2.22912  0.001087   1.39278 -0.001118
0.571854	  1.57458 -0.786964  0.012896  -2.22907  0.001083   1.39279 -0.001106
0.572854	  1.57451 -0.787072   0.01273  -2.22901  0.001078   1.39279 -0.001094
0.573854	  1.57443 -0.787179  0.012567  -2.22896  0.001074   1.39279 -0.001082
0.574854	  1.57435 -0.787285  0.012405  -2.22891   0.00107    1.3928 -0.001071
0.575854	  1.57427 -0.787389  0.012244  -2.22886  0.001066    1.3928 -0.001059
0.576854	   1.5742 -0.787493  0.012084   -2.2288  0.001061    1.3928 -0.001048
0.577854	  1.57412 -0.787595  0.011926  -2.22876  0.001057   1.39281 -0.001036
0.578854	  1.57405 -0.787697  0.011769  -2.22871  0.001053   1.39281 -0.001025
0.579854	  1.57397 -0.787797  0.011614  -2.22866  0.001048   1.39281 -0.001014
0.580854	   1.5739 -0.787897   0.01146  -2.22861  0.001044   1.39282 -0.001003
0.581854	  1.57383 -0.787995  0.011308  -2.22856   0.00104   1.39282 -0.000992
0.582854	  1.57376 -0.788092  0.011156  -2.22851  0.001036   1.39282 -0.000981
0.583854	  1.57369 -0.788188  0.011007  -2.22846  0.001032   1.39282  -0.00097
0.584854	  1.57361 -0.788283  0.010858  -2.22842  0.001027   1.39283 -0.000959
0.585854	  1.57354 -0.788377  0.010711  -2.22837  0.001023   1.39283 -0.000949
0.586854	  1.57347  -0.78847  0.010565  -2.22833  0.001019   1.39283 -0.000938
0.587854	   1.5734 -0.788562  0.010421  -2.22828  0.001015   1.39283 -0.000928
0.588854	  1.57334 -0.788653  0.010278  -2.22824  0.001011   1.39284 -0.000918
0.589854	  1.57327 -0.788742  0.010136   -2.2282  0.001007   1.39284 -0.000908
0.591623	   1.5732 -0.788831  0.009996  -2.22815  0.001003   1.39284 -0.000897
0.592623	  1.57314 -0.788919  0.009857  -2.22811  0.000999   1.39284 -0.000887
0.593623	  1.57307 -0.789006  0.009719  -2.22807  0.000994   1.39285 -0.000877
0.594623	    1.573 -0.789091  0.009583  -2.22803   0.00099   1.39285 -0.000868
0.595623	  1.57294 -0.789176  0.009448  -2.22799  0.000986   1.39285 -0.000858
0.596623	  1.57288  -0.78926  0.009314  -2.22795  0.000982   1.39285 -0.000848
0.597623	  1.57281 -0.789343  0.009181  -2.22791  0.000978   1.39285 -0.000839
0.598623	  1.57275 -0.789424   0.00905  -2.22787  0.000974   1.39286 -0.000829
0.599623	  1.57269 -0.789505   0.00892  -2.22783   0.00097   1.39286  -0.00082
0.600623	  1.57263 -0.789585  0.008791  -2.22779  0.000966   1.39286  -0.00081
0.601623	  1.57257 -0.789664  0.008664  -2.22776  0.000962   1.39286 -0.000801
0.602623	  1.57251 -0.789741  0.008538  -2.22772  0.000958   1.39286 -0.000792
0.603623	  1.57245 -0.789818  0.008413  -2.22768  0.000954   1.39286 -0.000783
0.604623	  1.57239 -0.789894  0.008289  -2.22765   0.00095   1.39287 -0.000774
0.605623	  1.57233 -0.789969  0.008167  -2.22761  0.000946   1.39287 -0.000765
0.606623	  1.57227 -0.790043  0.008046  -2.22757  0.000942   1.39287 -0.000756
0.607623	  1.57222 -0.790116  0.007926  -2.22754  0.000938   1.39287 -0.000748
0.608623	  1.57216 -0.790188  0.007807  -2.22751  0.000934   1.39287 -0.000739
0.609623	 1.57211 -0.79026  0.00769 -2.22747  0.00093  1.39287 -0.00073
0.610623	  1.57205  -0.79033  0.007574  -2.22744  0.000926   1.39287 -0.000722
0.611623	    1.572 -0.790399  0.007459  -2.22741  0.000922   1.39288 -0.000714
0.612623	  1.57194 -0.790468  0.007345  -2.22738  0.000918   1.39288 -0.000705
0.613623	  1.57189 -0.790535  0.007232  -2.22735  0.000914   1.39288 -0.000697
0.614623	  1.57184 -0.790602  0.007121  -2.22731   0.00091   1.39288 -0.000689
0.615887	  1.57179 -0.790667  0.007011  -2.22728  0.000906   1.39288 -0.000681
0.616887	  1.57174 -0.790732  0.006902  -2.22725  0.000903   1.39288 -0.000673
0.617887	  1.57168 -0.790796  0.006794  -2.22722  0.000899   1.39288 -0.000665
0.618887	  1.57163 -0.790859  0.006687   -2.2272  0.000895   1.39288 -0.000657
0.619887	  1.57159 -0.790921  0.006582  -2.22717  0.000891   1.39288 -0.000649
0.620887	  1.57154 -0.790983  0.006477  -2.22714  0.000887   1.39288 -0.000642
0.621887	  1.57149 -0.791043  0.006374  -2.22711  0.000883   1.39288 -0.000634
0.622887	  1.57144 -0.791103  0.006272  -2.22708  0.000879   1.39289 -0.000627
0.623887	   1.5714 -0.791161  0.006171  -2.22706  0.000875   1.39289 -0.000619
0.625423	  1.57135 -0.791219  0.006071  -2.22703  0.000871   1.39289 -0.000612
0.626423	   1.5713 -0.791276  0.005972  -2.22701  0.000868   1.39289 -0.000605
0.627423	  1.57126 -0.791333  0.005874  -2.22698  0.000864   1.39289 -0.000597
0.628423	  1.57121 -0.791388  0.005778  -2.22695   0.00086   1.39289  -0.00059
0.629423	  1.57117 -0.791443  0.005682  -2.22693  0.000856   1.39289 -0.000583
0.630423	  1.57113 -0.791496  0.005588   -2.2269  0.000852   1.39289 -0.000576
0.631423	  1.57109 -0.791549  0.005494  -2.22688  0.000848   1.39289 -0.000569
0.632423	  1.57104 -0.791601  0.005402  -2.22686  0.000844   1.39289 -0.000562
0.633423	    1.571 -0.791653  0.005311  -2.22683  0.000841   1.39289 -0.000556
0.634423	  1.57096 -0.791703  0.005221  -2.22681  0.000837   1.39289 -0.000549
0.635423	  1.57092 -0.791753  0.005132  -2.22679  0.000833   1.39289 -0.000542
0.636423	  1.57088 -0.791802  0.005044  -2.22677  0.000829   1.39289 -0.000536
0.637423	  1.57084  -0.79185  0.004957  -2.22675  0.000825   1.39289 -0.000529
0.638423	   1.5708 -0.791897  0.004871  -2.22673  0.000822   1.39289 -0.000523
0.639423	  1.57077 -0.791944  0.004786  -2.22671  0.000818   1.39289 -0.000516
0.640423	 1.57073 -0.79199 0.004702 -2.22669 0.000814  1.39289 -0.00051
0.641423	  1.57069 -0.792035  0.004619  -2.22667   0.00081   1.39289 -0.000504
0.642423	  1.57066 -0.792079  0.004537  -2.22665  0.000806   1.39289 -0.000498
0.643423	  1.57062 -0.792123  0.004456  -2.22663  0.000803   1.39289 -0.000491
0.644423	  1.57058 -0.792166  0.004376  -2.22661  0.000799   1.39289 -0.000485
0.645423	  1.57055 -0.792208  0.004297  -2.22659  0.000795   1.39289 -0.000479
0.646423	  1.57052  -0.79225  0.004218  -2.22657  0.000791   1.39289 -0.000473
0.647423	  1.57048  -0.79229  0.004141  -2.22656  0.000788   1.39289 -0.000468
0.648423	  1.57045  -0.79233  0.004065  -2.22654  0.000784   1.39289 -0.000462
0.649423	  1.57042  -0.79237   0.00399  -2.22652   0.00078   1.39289 -0.000456
0.650423	  1.57039 -0.792408  0.003916  -2.22651  0.000776   1.39289  -0.00045
0.651423	  1.57035 -0.792446  0.003842  -2.22649  0.000773   1.39289 -0.000445
0.652423	  1.57032 -0.792483   0.00377  -2.22648  0.000769   1.39289 -0.000439
0.653423	  1.57029  -0.79252  0.003698  -2.22646  0.000765   1.39289 -0.000434
0.654423	  1.57027 -0.792556  0.003628  -2.22645  0.000762   1.39289 -0.000428
0.655423	  1.57024 -0.792591  0.003558  -2.22643  0.000758   1.39288 -0.000423
0.656423	  1.57021 -0.792625  0.003489  -2.22642  0.000754   1.39288 -0.000418
0.657423	  1.57018 -0.792659  0.003421   -2.2264  0.000751   1.39288 -0.000413
0.658567	  1.57015 -0.792693  0.003354  -2.22639  0.000747   1.39288 -0.000407
0.659567	  1.57012 -0.792725  0.003288  -2.22638  0.000743   1.39288 -0.000402
0.660567	   1.5701 -0.792757  0.003223  -2.22636   0.00074   1.39288 -0.000397
0.661567	  1.57007 -0.792788  0.003158  -2.22635  0.000736   1.39288 -0.000392
0.662567	  1.57004 -0.792819  0.003094  -2.22634  0.000732   1.39288 -0.000387
0.663567	  1.57002 -0.792849  0.003032  -2.22633  0.000729   1.39288 -0.000382
0.664567	     1.57 -0.792878   0.00297  -2.22632  0.000725   1.39288 -0.000377
0.665567	  1.56997 -0.792907  0.002909   -2.2263  0.000721   1.39288 -0.000373
0.666567	  1.56995 -0.792935  0.002848  -2.22629  0.000718   1.39288 -0.000368
0.667567	  1.56992 -0.792963  0.002789  -2.22628  0.000714   1.39288 -0.000363
0.668567	   1.5699  -0.79299   0.00273  -2.22627   0.00071   1.39287 -0.000359
0.669567	  1.56988 -0.793016  0.002672  -2.22626  0.000707   1.39287 -0.000354
0.670567	  1.56986 -0.793042  0.002615  -2.22625  0.000703   1.39287  -0.00035
0.671567	  1.56984 -0.793067  0.002559  -2.22624    0.0007   1.39287 -0.000345
0.672567	  1.56981 -0.793092  0.002503  -2.22623  0.000696   1.39287 -0.000341
0.673567	  1.56979 -0.793116  0.002449  -2.22623  0.000693   1.39287 -0.000336
0.674567	  1.56977 -0.793139  0.002395  -2.22622  0.000689   1.39287 -0.000332
0.675567	  1.56975 -0.793162  0.002341  -2.22621  0.000685   1.39287 -0.000328
0.676567	  1.56974 -0.793185  0.002289   -2.2262  0.000682   1.39287 -0.000323
0.677567	  1.56972 -0.793206  0.002237  -2.22619  0.000678   1.39286 -0.000319
0.678567	   1.5697 -0.793228  0.002186  -2.22619  0.000675   1.39286 -0.000315
0.679567	  1.56968 -0.793248  0.002136  -2.22618  0.000671   1.39286 -0.000311
0.680567	  1.56966 -0.793269  0.002086  -2.22617  0.000668   1.39286 -0.000307
0.681567	  1.56964 -0.793288  0.002037  -2.22616  0.000664   1.39286 -0.000303
0.682567	  1.56963 -0.793307  0.001989  -2.22616  0.000661   1.39286 -0.000299
0.683567	  1.56961 -0.793326  0.001942  -2.22615  0.000657   1.39286 -0.000295
0.684567	   1.5696 -0.793344  0.001895  -2.22615  0.000654   1.39285 -0.000292
0.685567	  1.56958 -0.793362  0.001849  -2.22614   0.00065   1.39285 -0.000288
0.686567	  1.56957 -0.793379  0.001803  -2.22614  0.000647   1.39285 -0.000284
0.687567	  1.56955 -0.793396  0.001759  -2.22613  0.000643   1.39285  -0.00028
0.688567	  1.56954 -0.793412  0.001715  -2.22613   0.00064   1.39285 -0.000277
0.689567	  1.56952 -0.793427  0.001671  -2.22612  0.000636   1.39285 -0.000273
0.690568	  1.56951 -0.793443  0.001629  -2.22612  0.000633   1.39285 -0.000269
0.691568	   1.5695 -0.793457  0.001587  -2.22611   0.00063   1.39284 -0.000266
0.692568	  1.56948 -0.793472  0.001545  -2.22611  0.000626   1.39284 -0.000262
0.693568	  1.56947 -0.793485  0.001504   -2.2261  0.000623   1.39284 -0.000259
0.694568	  1.56946 -0.793499  0.001464   -2.2261  0.000619   1.39284 -0.000256
0.695568	  1.56945 -0.793511  0.001425   -2.2261  0.000616   1.39284 -0.000252
0.696568	  1.56943 -0.793524  0.001386  -2.22609  0.000612   1.39284 -0.000249
0.697568	  1.56942 -0.793536  0.001347  -2.22609  0.000609   1.39283 -0.000246
0.698568	  1.56941 -0.793547   0.00131  -2.22609  0.000606   1.39283 -0.000242
0.699568	   1.5694 -0.793558  0.001272  -2.22609  0.000602   1.39283 -0.000239
0.700568	  1.56939 -0.793569  0.001236  -2.22608  0.000599   1.39283 -0.000236
0.701568	  1.56938 -0.793579    0.0012  -2.22608  0.000596   1.39283 -0.000233
0.702568	  1.56937 -0.793589  0.001164  -2.22608  0.000592   1.39283  -0.00023
0.703568	  1.56936 -0.793599   0.00113  -2.22608  0.000589   1.39282 -0.000227
0.704568	  1.56936 -0.793608  0.001095  -2.22608  0.000586   1.39282 -0.000224
0.705568	  1.56935 -0.793616  0.001062  -2.22608  0.000582   1.39282 -0.000221
0.706568	  1.56934 -0.793624  0.001029  -2.22608  0.000579   1.39282 -0.000218
0.707568	  1.56933 -0.793632  0.000996  -2.22607  0.000576   1.39282 -0.000215
0.708568	  1.56932 -0.793639  0.000964  -2.22607  0.000572   1.39281 -0.000212
0.709568	  1.56932 -0.793646  0.000932  -2.22607  0.000569   1.39281 -0.000209
0.710568	  1.56931 -0.793653  0.000901  -2.22607  0.000566   1.39281 -0.000207
0.711568	   1.5693 -0.793659  0.000871  -2.22607  0.000563   1.39281 -0.000204
0.712568	   1.5693 -0.793665  0.000841  -2.22607  0.000559   1.39281 -0.000201
0.713568	  1.56929 -0.793671  0.000812  -2.22607  0.000556   1.39281 -0.000199
0.714568	  1.56929 -0.793676  0.000783  -2.22607  0.000553    1.3928 -0.000196
0.715568	  1.56928 -0.793681  0.000754  -2.22607   0.00055    1.3928 -0.000193
0.716568	  1.56927 -0.793685  0.000726  -2.22608  0.000546    1.3928 -0.000191
0.717568	  1.56927 -0.793689  0.000699  -2.22608  0.000543    1.3928 -0.000188
0.718568	  1.56926 -0.793693  0.000672  -2.22608   0.00054    1.3928 -0.000186
0.719568	  1.56926 -0.793696  0.000645  -2.22608  0.000537   1.39279 -0.000183
0.720568	  1.56926   -0.7937  0.000619  -2.22608  0.000534   1.39279 -0.000181
0.721568	  1.56925 -0.793702  0.000594  -2.22608  0.000531   1.39279 -0.000178
0.722568	  1.56925 -0.793705  0.000569  -2.22608  0.000527   1.39279 -0.000176
0.723568	  1.56925 -0.793707  0.000544  -2.22609  0.000524   1.39278 -0.000174
0.724568	  1.56924 -0.793709   0.00052  -2.22609  0.000521   1.39278 -0.000171
0.725568	  1.56924  -0.79371  0.000496  -2.22609  0.000518   1.39278 -0.000169
0.726568	  1.56924 -0.793711  0.000473  -2.22609  0.000515   1.39278 -0.000167
0.727568	  1.56923 -0.793712   0.00045  -2.22609  0.000512   1.39278 -0.000165
0.728568	  1.56923 -0.793713  0.000428   -2.2261  0.000509   1.39278 -0.000162
0.729568	  1.56923 -0.793713  0.000406   -2.2261  0.000506   1.39277  -0.00016
0.730568	  1.56923 -0.793713  0.000384   -2.2261  0.000503   1.39277 -0.000158
0.731568	  1.56923 -0.793713  0.000363  -2.22611  0.000499   1.39277 -0.000156
0.732568	  1.56923 -0.793712  0.000342  -2.22611  0.000496   1.39277 -0.000154
0.733568	  1.56922 -0.793711  0.000322  -2.22611  0.000493   1.39276 -0.000152
0.734568	 1.56922 -0.79371 0.000302 -2.22612  0.00049  1.39276 -0.00015
0.735568	  1.56922 -0.793709  0.000282  -2.22612  0.000487   1.39276 -0.000148
0.736568	  1.56922 -0.793707  0.000263  -2.22612  0.000484   1.39276 -0.000146
0.737568	  1.56922 -0.793705  0.000244  -2.22613  0.000481   1.39276 -0.000144
0.738568	  1.56922 -0.793703  0.000226  -2.22613  0.000478   1.39275 -0.000142
0.739568	 1.56922  -0.7937 0.000208 -2.22614 0.000475  1.39275 -0.00014
0.740568	  1.56922 -0.793698   0.00019  -2.22614  0.000472   1.39275 -0.000138
0.741568	  1.56922 -0.793695  0.000173  -2.22614  0.000469   1.39275 -0.000137
0.742568	  1.56922 -0.793691  0.000156  -2.22615  0.000466   1.39274 -0.000135
0.743568	  1.56922 -0.793688  0.000139  -2.22615  0.000464   1.39274 -0.000133
0.744568	  1.56923 -0.793684  0.000123  -2.22616  0.000461   1.39274 -0.000131
0.745568	  1.56923  -0.79368  0.000107  -2.22616  0.000458   1.39274 -0.000129
0.746568	  1.56923 -0.793676   9.1e-05  -2.22617  0.000455   1.39274 -0.000128
0.747568	  1.56923 -0.793672   7.6e-05  -2.22617  0.000452   1.39273 -0.000126
0.748568	  1.56923 -0.793667   6.1e-05  -2.22618  0.000449   1.39273 -0.000124
0.749568	  1.56923 -0.793662   4.7e-05  -2.22618  0.000446   1.39273 -0.000123
0.750568	  1.56924 -0.793657   3.2e-05  -2.22619  0.000443   1.39273 -0.000121
0.751568	  1.56924 -0.793652   1.8e-05  -2.22619   0.00044   1.39272 -0.000119
0.752567	  1.56924 -0.793647     5e-06   -2.2262  0.000438   1.39272 -0.000118
0.753567	  1.56924 -0.793641    -8e-06   -2.2262  0.000435   1.39272 -0.000116
0.754567	  1.56925 -0.793635  -2.1e-05  -2.22621  0.000432   1.39272 -0.000115
0.755567	  1.56925 -0.793629  -3.4e-05  -2.22621  0.000429   1.39272 -0.000113
0.756567	  1.56925 -0.793623  -4.7e-05  -2.22622  0.000426   1.39271 -0.000112
0.757567	  1.56926 -0.793617  -5.9e-05  -2.22623  0.000424   1.39271  -0.00011
0.758567	  1.56926  -0.79361    -7e-05  -2.22623  0.000421   1.39271 -0.000109
0.759567	  1.56926 -0.793603  -8.2e-05  -2.22624  0.000418   1.39271 -0.000107
0.760567	  1.56926 -0.793596  -9.3e-05  -2.22624  0.000415   1.39271 -0.000106
0.761567	  1.56927 -0.793589 -0.000104  -2.22625  0.000413    1.3927 -0.000105
0.762567	  1.56927 -0.793582 -0.000115  -2.22626   0.00041    1.3927 -0.000103
0.763567	  1.56928 -0.793574 -0.000125  -2.22626  0.000407    1.3927 -0.000102
0.764567	  1.56928 -0.793567 -0.000136  -2.22627  0.000404    1.3927 -0.000101
0.765567	  1.56929 -0.793559 -0.000146  -2.22628  0.000402   1.39269  -9.9e-05
0.766567	  1.56929 -0.793551 -0.000155  -2.22628  0.000399   1.39269  -9.8e-05
0.767567	  1.56929 -0.793543 -0.000165  -2.22629  0.000396   1.39269  -9.7e-05
0.768567	   1.5693 -0.793535 -0.000174  -2.22629  0.000394   1.39269  -9.6e-05
0.769567	   1.5693 -0.793526 -0.000183   -2.2263  0.000391   1.39268  -9.4e-05
0.770567	  1.56931 -0.793518 -0.000191  -2.22631  0.000388   1.39268  -9.3e-05
0.771567	  1.56931 -0.793509   -0.0002  -2.22632  0.000386   1.39268  -9.2e-05
0.772567	  1.56932   -0.7935 -0.000208  -2.22632  0.000383   1.39268  -9.1e-05
0.773567	  1.56932 -0.793491 -0.000216  -2.22633  0.000381   1.39268    -9e-05
0.774567	  1.56933 -0.793482 -0.000224  -2.22634  0.000378   1.39267  -8.8e-05
0.775567	  1.56933 -0.793473 -0.000231  -2.22634  0.000375   1.39267  -8.7e-05
0.776567	  1.56934 -0.793463 -0.000238  -2.22635  0.000373   1.39267  -8.6e-05
0.777567	  1.56934 -0.793454 -0.000246  -2.22636   0.00037   1.39267  -8.5e-05
0.778567	  1.56935 -0.793444 -0.000252  -2.22636  0.000368   1.39267  -8.4e-05
0.779567	  1.56936 -0.793434 -0.000259  -2.22637  0.000365   1.39266  -8.3e-05
0.780567	  1.56936 -0.793425 -0.000265  -2.22638  0.000363   1.39266  -8.2e-05
0.781567	  1.56937 -0.793415 -0.000272  -2.22639   0.00036   1.39266  -8.1e-05
0.782567	  1.56937 -0.793404 -0.000278  -2.22639  0.000358   1.39266    -8e-05
0.783567	  1.56938 -0.793394 -0.000284   -2.2264  0.000355   1.39265  -7.9e-05
0.784567	  1.56939 -0.793384 -0.000289  -2.22641  0.000353   1.39265  -7.8e-05
0.785567	  1.56939 -0.793373 -0.000295  -2.22642   0.00035   1.39265  -7.7e-05
0.786567	   1.5694 -0.793363   -0.0003  -2.22642  0.000348   1.39265  -7.6e-05
0.787567	   1.5694 -0.793352 -0.000305  -2.22643  0.000345   1.39264  -7.5e-05
0.788567	  1.56941 -0.793342  -0.00031  -2.22644  0.000343   1.39264  -7.4e-05
0.789567	  1.56942 -0.793331 -0.000315  -2.22645  0.000341   1.39264  -7.3e-05
0.790567	  1.56942  -0.79332 -0.000319  -2.22645  0.000338   1.39264  -7.2e-05
0.791567	  1.56943 -0.793309 -0.000324  -2.22646  0.000336   1.39264  -7.1e-05
0.792567	  1.56944 -0.793298 -0.000328  -2.22647  0.000333   1.39263    -7e-05
0.793567	  1.56944 -0.793287 -0.000332  -2.22648  0.000331   1.39263    -7e-05
0.794567	  1.56945 -0.793275 -0.000336  -2.22648  0.000329   1.39263  -6.9e-05
0.795567	  1.56946 -0.793264 -0.000339  -2.22649  0.000326   1.39263  -6.8e-05
0.796567	  1.56946 -0.793253 -0.000343   -2.2265  0.000324   1.39263  -6.7e-05
0.797567	  1.56947 -0.793241 -0.000346  -2.22651  0.000322   1.39262  -6.6e-05
0.798567	 1.56948 -0.79323 -0.00035 -2.22652 0.000319  1.39262 -6.5e-05
0.799567	  1.56948 -0.793218 -0.000353  -2.22652  0.000317   1.39262  -6.5e-05
0.800567	  1.56949 -0.793206 -0.000356  -2.22653  0.000315   1.39262  -6.4e-05
0.801567	   1.5695 -0.793195 -0.000358  -2.22654  0.000313   1.39261  -6.3e-05
0.802567	   1.5695 -0.793183 -0.000361  -2.22655   0.00031   1.39261  -6.2e-05
0.803567	  1.56951 -0.793171 -0.000364  -2.22656  0.000308   1.39261  -6.2e-05
0.804567	  1.56952 -0.793159 -0.000366  -2.22656  0.000306   1.39261  -6.1e-05
0.805567	  1.56953 -0.793147 -0.000368  -2.22657  0.000304   1.39261    -6e-05
0.806567	  1.56953 -0.793135  -0.00037  -2.22658  0.000301    1.3926  -5.9e-05
0.807567	  1.56954 -0.793123 -0.000372  -2.22659  0.000299    1.3926  -5.9e-05
0.808567	  1.56955 -0.793111 -0.000374   -2.2266  0.000297    1.3926  -5.8e-05
0.809567	  1.56956 -0.793099 -0.000376   -2.2266  0.000295    1.3926  -5.7e-05
0.810567	  1.56956 -0.793087 -0.000377  -2.22661  0.000293    1.3926  -5.7e-05
0.811567	  1.56957 -0.793074 -0.000379  -2.22662   0.00029   1.39259  -5.6e-05
0.812567	  1.56958 -0.793062  -0.00038  -2.22663  0.000288   1.39259  -5.5e-05
0.813567	  1.56959  -0.79305 -0.000382  -2.22664  0.000286   1.39259  -5.5e-05
0.814567	  1.56959 -0.793037 -0.000383  -2.22664  0.000284   1.39259  -5.4e-05
0.815568	   1.5696 -0.793025 -0.000384  -2.22665  0.000282   1.39258  -5.4e-05
0.816568	  1.56961 -0.793012 -0.000385  -2.22666   0.00028   1.39258  -5.3e-05
0.817568	  1.56962    -0.793 -0.000385  -2.22667  0.000278   1.39258  -5.2e-05
0.818568	  1.56962 -0.792987 -0.000386  -2.22668  0.000276   1.39258  -5.2e-05
0.819568	  1.56963 -0.792975 -0.000387  -2.22668  0.000274   1.39258  -5.1e-05
0.820568	  1.56964 -0.792962 -0.000387  -2.22669  0.000272   1.39257  -5.1e-05
0.821568	  1.56965  -0.79295 -0.000388   -2.2267   0.00027   1.39257    -5e-05
0.822568	  1.56965 -0.792937 -0.000388  -2.22671  0.000267   1.39257    -5e-05
0.823568	  1.56966 -0.792924 -0.000388  -2.22672  0.000265   1.39257  -4.9e-05
0.824568	  1.56967 -0.792912 -0.000388  -2.22673  0.000263   1.39257  -4.8e-05
0.825568	  1.56968 -0.792899 -0.000388  -2.22673  0.000261   1.39256  -4.8e-05
0.826568	  1.56968 -0.792886 -0.000388  -2.22674  0.000259   1.39256  -4.7e-05
0.827568	  1.56969 -0.792874 -0.000388  -2.22675  0.000257   1.39256  -4.7e-05
0.828568	   1.5697 -0.792861 -0.000388  -2.22676  0.000256   1.39256  -4.6e-05
0.829568	  1.56971 -0.792848 -0.000388  -2.22676  0.000254   1.39256  -4.6e-05
0.830568	  1.56972 -0.792835 -0.000387  -2.22677  0.000252   1.39255  -4.5e-05
0.831568	  1.56972 -0.792823 -0.000387  -2.22678   0.00025   1.39255  -4.5e-05
0.832568	  1.56973  -0.79281 -0.000386  -2.22679  0.000248   1.39255  -4.4e-05
0.833568	  1.56974 -0.792797 -0.000386   -2.2268  0.000246   1.39255  -4.4e-05
0.834568	  1.56975 -0.792784 -0.000385  -2.22681  0.000244   1.39255  -4.4e-05
0.835568	  1.56976 -0.792772 -0.000384  -2.22681  0.000242   1.39254  -4.3e-05
0.836568	  1.56976 -0.792759 -0.000383  -2.22682   0.00024   1.39254  -4.3e-05
0.837568	  1.56977 -0.792746 -0.000382  -2.22683  0.000238   1.39254  -4.2e-05
0.838568	  1.56978 -0.792733 -0.000381  -2.22684  0.000236   1.39254  -4.2e-05
0.839568	  1.56979 -0.792721  -0.00038  -2.22684  0.000235   1.39254  -4.1e-05
0.840568	  1.56979 -0.792708 -0.000379  -2.22685  0.000233   1.39254  -4.1e-05
0.841568	   1.5698 -0.792695 -0.000378  -2.22686  0.000231   1.39253  -4.1e-05
0.842568	  1.56981 -0.792682 -0.000377  -2.22687  0.000229   1.39253    -4e-05
0.843568	  1.56982  -0.79267 -0.000376  -2.22688  0.000227   1.39253    -4e-05
0.844568	  1.56983 -0.792657 -0.000374  -2.22688  0.000226   1.39253  -3.9e-05
0.845568	  1.56983 -0.792644 -0.000373  -2.22689  0.000224   1.39253  -3.9e-05
0.846568	  1.56984 -0.792632 -0.000372   -2.2269  0.000222   1.39252  -3.9e-05
0.847568	  1.56985 -0.792619  -0.00037  -2.22691   0.00022   1.39252  -3.8e-05
0.848568	  1.56986 -0.792606 -0.000368  -2.22691  0.000219   1.39252  -3.8e-05
0.849568	  1.56986 -0.792594 -0.000367  -2.22692  0.000217   1.39252  -3.8e-05
0.850568	  1.56987 -0.792581 -0.000365  -2.22693  0.000215   1.39252  -3.7e-05
0.851568	  1.56988 -0.792568 -0.000364  -2.22694  0.000213   1.39251  -3.7e-05
0.852568	  1.56989 -0.792556 -0.000362  -2.22695  0.000212   1.39251  -3.7e-05
0.853568	  1.56989 -0.792543  -0.00036  -2.22695   0.00021   1.39251  -3.6e-05
0.854568	   1.5699 -0.792531 -0.000358  -2.22696  0.000208   1.39251  -3.6e-05
0.855568	  1.56991 -0.792518 -0.000356  -2.22697  0.000207   1.39251  -3.6e-05
0.856568	  1.56992 -0.792506 -0.000354  -2.22698  0.000205   1.39251  -3.5e-05
0.857568	  1.56992 -0.792493 -0.000352  -2.22698  0.000203   1.39251  -3.5e-05
0.858568	  1.56993 -0.792481 -0.000351  -2.22699  0.000202    1.3925  -3.5e-05
0.859568	  1.56994 -0.792468 -0.000348    -2.227    0.0002    1.3925  -3.4e-05
0.860568	  1.56995 -0.792456 -0.000346  -2.22701  0.000198    1.3925  -3.4e-05
0.861568	  1.56995 -0.792443 -0.000344  -2.22702  0.000197    1.3925  -3.4e-05
0.862568	  1.56996 -0.792431 -0.000342  -2.22702  0.000195    1.3925  -3.3e-05
0.863568	  1.56997 -0.792419  -0.00034  -2.22703  0.000194   1.39249  -3.3e-05
0.864568	  1.56998 -0.792407 -0.000338  -2.22704  0.000192   1.39249  -3.3e-05
0.865568	  1.56998 -0.792394 -0.000336  -2.22704   0.00019   1.39249  -3.3e-05
0.866568	  1.56999 -0.792382 -0.000333  -2.22705  0.000189   1.39249  -3.2e-05
0.867568	     1.57  -0.79237 -0.000331  -2.22706  0.000187   1.39249  -3.2e-05
0.868568	  1.57001 -0.792358 -0.000329  -2.22707  0.000186   1.39249  -3.2e-05
0.869568	  1.57001 -0.792346 -0.000326  -2.22707  0.000184   1.39248  -3.1e-05
0.870568	  1.57002 -0.792334 -0.000324  -2.22708  0.000183   1.39248  -3.1e-05
0.871568	  1.57003 -0.792322 -0.000322  -2.22709  0.000181   1.39248  -3.1e-05
0.872568	  1.57003  -0.79231 -0.000319  -2.22709   0.00018   1.39248  -3.1e-05
0.873568	  1.57004 -0.792298 -0.000317   -2.2271  0.000178   1.39248    -3e-05
0.874568	  1.57005 -0.792286 -0.000315  -2.22711  0.000177   1.39248    -3e-05
0.875568	  1.57005 -0.792274 -0.000312  -2.22712  0.000175   1.39247    -3e-05
0.876568	  1.57006 -0.792262  -0.00031  -2.22712  0.000174   1.39247    -3e-05
0.877567	  1.57007  -0.79225 -0.000307  -2.22713  0.000172   1.39247    -3e-05
0.878567	  1.57008 -0.792239 -0.000305  -2.22714  0.000171   1.39247  -2.9e-05
0.879567	  1.57008 -0.792227 -0.000302  -2.22714   0.00017   1.39247  -2.9e-05
0.880567	  1.57009 -0.792215 -0.000299  -2.22715  0.000168   1.39247  -2.9e-05
0.881567	   1.5701 -0.792204 -0.000297  -2.22716  0.000167   1.39247  -2.9e-05
0.882567	   1.5701 -0.792192 -0.000294  -2.22716  0.000165   1.39247  -2.8e-05
0.883567	  1.57011 -0.792181 -0.000292  -2.22717  0.000164   1.39246  -2.8e-05
0.884567	  1.57012 -0.792169 -0.000289  -2.22718  0.000163   1.39246  -2.8e-05
0.885567	  1.57012 -0.792158 -0.000287  -2.22718  0.000161   1.39246  -2.8e-05
0.886567	  1.57013 -0.792147 -0.000284  -2.22719   0.00016   1.39246  -2.8e-05
0.887567	  1.57014 -0.792135 -0.000281   -2.2272  0.000159   1.39246  -2.7e-05
0.888567	  1.57014 -0.792124 -0.000279  -2.22721  0.000157   1.39246  -2.7e-05
0.889567	  1.57015 -0.792113 -0.000276  -2.22721  0.000156   1.39245  -2.7e-05
0.890567	  1.57016 -0.792102 -0.000273  -2.22722  0.000155   1.39245  -2.7e-05
0.891567	  1.57016 -0.792091 -0.000271  -2.22722  0.000153   1.39245  -2.7e-05
0.892567	  1.57017 -0.792079 -0.000268  -2.22723  0.000152   1.39245  -2.6e-05
0.893567	  1.57018 -0.792068 -0.000265  -2.22724  0.000151   1.39245  -2.6e-05
0.894567	  1.57018 -0.792058 -0.000263  -2.22724  0.000149   1.39245  -2.6e-05
0.895567	  1.57019 -0.792047  -0.00026  -2.22725  0.000148   1.39245  -2.6e-05
0.896567	   1.5702 -0.792036 -0.000257  -2.22726  0.000147   1.39244  -2.6e-05
0.897567	   1.5702 -0.792025 -0.000255  -2.22726  0.000146   1.39244  -2.6e-05
0.898567	  1.57021 -0.792014 -0.000252  -2.22727  0.000144   1.39244  -2.5e-05
0.899567	  1.57021 -0.792004 -0.000249  -2.22728  0.000143   1.39244  -2.5e-05
0.900567	  1.57022 -0.791993 -0.000247  -2.22728  0.000142   1.39244  -2.5e-05
0.901567	  1.57023 -0.791982 -0.000244  -2.22729  0.000141   1.39244  -2.5e-05
0.902567	  1.57023 -0.791972 -0.000241  -2.22729  0.000139   1.39244  -2.5e-05
0.903567	  1.57024 -0.791962 -0.000238   -2.2273  0.000138   1.39244  -2.5e-05
0.904567	  1.57025 -0.791951 -0.000236  -2.22731  0.000137   1.39243  -2.4e-05
0.905567	  1.57025 -0.791941 -0.000233  -2.22731  0.000136   1.39243  -2.4e-05
0.906567	  1.57026 -0.791931  -0.00023  -2.22732  0.000135   1.39243  -2.4e-05
0.907567	  1.57026  -0.79192 -0.000228  -2.22732  0.000133   1.39243  -2.4e-05
0.908567	  1.57027  -0.79191 -0.000225  -2.22733  0.000132   1.39243  -2.4e-05
0.909567	  1.57028   -0.7919 -0.000222  -2.22734  0.000131   1.39243  -2.4e-05
0.911138	 1.57028 -0.79189 -0.00022 -2.22734  0.00013  1.39243 -2.4e-05
0.912138	  1.57029  -0.79188 -0.000217  -2.22735  0.000129   1.39243  -2.3e-05
0.913138	  1.57029  -0.79187 -0.000214  -2.22735  0.000128   1.39242  -2.3e-05
0.914138	   1.5703  -0.79186 -0.000212  -2.22736  0.000127   1.39242  -2.3e-05
0.915138	  1.57031  -0.79185 -0.000209  -2.22736  0.000125   1.39242  -2.3e-05
0.916138	  1.57031 -0.791841 -0.000206  -2.22737  0.000124   1.39242  -2.3e-05
0.917138	  1.57032 -0.791831 -0.000204  -2.22738  0.000123   1.39242  -2.3e-05
0.918138	  1.57032 -0.791821 -0.000201  -2.22738  0.000122   1.39242  -2.3e-05
0.919138	  1.57033 -0.791812 -0.000198  -2.22739  0.000121   1.39242  -2.2e-05
0.920138	  1.57033 -0.791802 -0.000196  -2.22739   0.00012   1.39242  -2.2e-05
0.921138	  1.57034 -0.791793 -0.000193   -2.2274  0.000119   1.39241  -2.2e-05
0.922138	  1.57034 -0.791784 -0.000191   -2.2274  0.000118   1.39241  -2.2e-05
0.923138	  1.57035 -0.791774 -0.000188  -2.22741  0.000117   1.39241  -2.2e-05
0.924138	  1.57035 -0.791765 -0.000185  -2.22741  0.000116   1.39241  -2.2e-05
0.925138	  1.57036 -0.791756 -0.000183  -2.22742  0.000115   1.39241  -2.2e-05
0.926138	  1.57037 -0.791747  -0.00018  -2.22742  0.000114   1.39241  -2.2e-05
0.927138	  1.57037 -0.791738 -0.000178  -2.22743  0.000113   1.39241  -2.1e-05
0.928138	  1.57038 -0.791729 -0.000175  -2.22743  0.000112   1.39241  -2.1e-05
0.929138	  1.57038  -0.79172 -0.000173  -2.22744  0.000111   1.39241  -2.1e-05
0.930138	  1.57039 -0.791711  -0.00017  -2.22744   0.00011    1.3924  -2.1e-05
0.931138	  1.57039 -0.791702 -0.000168  -2.22745  0.000109    1.3924  -2.1e-05
0.932138	   1.5704 -0.791693 -0.000165  -2.22745  0.000108    1.3924  -2.1e-05
0.933138	   1.5704 -0.791685 -0.000163  -2.22746  0.000107    1.3924  -2.1e-05
0.934138	  1.57041 -0.791676  -0.00016  -2.22746  0.000106    1.3924  -2.1e-05
0.935138	  1.57041 -0.791667 -0.000158  -2.22747  0.000105    1.3924  -2.1e-05
0.936138	  1.57042 -0.791659 -0.000155  -2.22747  0.000104    1.3924    -2e-05
0.937138	  1.57042  -0.79165 -0.000153  -2.22748  0.000103    1.3924    -2e-05
0.938138	  1.57043 -0.791642  -0.00015  -2.22748  0.000102    1.3924    -2e-05
0.939138	  1.57043 -0.791634 -0.000148  -2.22749  0.000101    1.3924    -2e-05
0.940138	  1.57044 -0.791626 -0.000145  -2.22749    0.0001    1.3924    -2e-05
0.941138	  1.57044 -0.791617 -0.000143   -2.2275   9.9e-05   1.39239    -2e-05
0.943012	  1.57044 -0.791609 -0.000141   -2.2275   9.8e-05   1.39239    -2e-05
0.944012	  1.57045 -0.791601 -0.000138  -2.22751   9.8e-05   1.39239    -2e-05
0.945012	  1.57045 -0.791593 -0.000136  -2.22751   9.7e-05   1.39239    -2e-05
0.946012	  1.57046 -0.791585 -0.000134  -2.22752   9.6e-05   1.39239    -2e-05
0.947012	  1.57046 -0.791577 -0.000131  -2.22752   9.5e-05   1.39239  -1.9e-05
0.948012	  1.57047  -0.79157 -0.000129  -2.22752   9.4e-05   1.39239  -1.9e-05
0.949012	  1.57047 -0.791562 -0.000127  -2.22753   9.3e-05   1.39239  -1.9e-05
0.950012	  1.57048 -0.791554 -0.000125  -2.22753   9.2e-05   1.39239  -1.9e-05
0.951012	  1.57048 -0.791547 -0.000122  -2.22754   9.2e-05   1.39239  -1.9e-05
0.952012	  1.57048 -0.791539  -0.00012  -2.22754   9.1e-05   1.39238  -1.9e-05
0.953012	  1.57049 -0.791532 -0.000118  -2.22755     9e-05   1.39238  -1.9e-05
0.954012	  1.57049 -0.791524 -0.000116  -2.22755   8.9e-05   1.39238  -1.9e-05
0.955012	   1.5705 -0.791517 -0.000113  -2.22756   8.8e-05   1.39238  -1.9e-05
0.956012	   1.5705  -0.79151 -0.000111  -2.22756   8.7e-05   1.39238  -1.9e-05
0.957012	  1.57051 -0.791502 -0.000109  -2.22756   8.7e-05   1.39238  -1.9e-05
0.958012	  1.57051 -0.791495 -0.000107  -2.22757   8.6e-05   1.39238  -1.8e-05
0.959012	  1.57051 -0.791488 -0.000105  -2.22757   8.5e-05   1.39238  -1.8e-05
0.960012	  1.57052 -0.791481 -0.000103  -2.22757   8.4e-05   1.39238  -1.8e-05
0.961012	  1.57052 -0.791474 -0.000101  -2.22758   8.3e-05   1.39238  -1.8e-05
0.962012	  1.57052 -0.791467  -9.9e-05  -2.22758   8.3e-05   1.39238  -1.8e-05
0.963012	 1.57053 -0.79146 -9.6e-05 -2.22759  8.2e-05  1.39238 -1.8e-05
0.964012	  1.57053 -0.791454  -9.4e-05  -2.22759   8.1e-05   1.39238  -1.8e-05
0.965012	  1.57054 -0.791447  -9.2e-05  -2.22759     8e-05   1.39237  -1.8e-05
0.966012	 1.57054 -0.79144   -9e-05  -2.2276    8e-05  1.39237 -1.8e-05
0.967012	  1.57055 -0.791434  -8.8e-05   -2.2276   7.9e-05   1.39237  -1.8e-05
0.968012	  1.57055 -0.791427  -8.6e-05  -2.22761   7.8e-05   1.39237  -1.8e-05
0.969012	  1.57055 -0.791421  -8.4e-05  -2.22761   7.7e-05   1.39237  -1.8e-05
0.970012	  1.57056 -0.791414  -8.3e-05  -2.22761   7.7e-05   1.39237  -1.7e-05
0.971012	  1.57056 -0.791408  -8.1e-05  -2.22762   7.6e-05   1.39237  -1.7e-05
0.972012	  1.57056 -0.791401  -7.9e-05  -2.22762   7.5e-05   1.39237  -1.7e-05
0.973012	  1.57057 -0.791395  -7.7e-05  -2.22762   7.5e-05   1.39237  -1.7e-05
0.974012	  1.57057 -0.791389  -7.5e-05  -2.22763   7.4e-05   1.39237  -1.7e-05
0.975012	  1.57057 -0.791383  -7.3e-05  -2.22763   7.3e-05   1.39237  -1.7e-05
0.976012	  1.57058 -0.791377  -7.1e-05  -2.22763   7.3e-05   1.39237  -1.7e-05
0.977012	  1.57058 -0.791371  -6.9e-05  -2.22764   7.2e-05   1.39237  -1.7e-05
0.978012	  1.57058 -0.791365  -6.8e-05  -2.22764   7.1e-05   1.39237  -1.7e-05
0.979012	  1.57059 -0.791359  -6.6e-05  -2.22764     7e-05   1.39237  -1.7e-05
0.980012	  1.57059 -0.791353  -6.4e-05  -2.22765     7e-05   1.39236  -1.7e-05
0.981012	  1.57059 -0.791348  -6.2e-05  -2.22765   6.9e-05   1.39236  -1.7e-05
0.982012	   1.5706 -0.791342  -6.1e-05  -2.22765   6.9e-05   1.39236  -1.7e-05
0.983012	   1.5706 -0.791336  -5.9e-05  -2.22765   6.8e-05   1.39236  -1.6e-05
0.984012	   1.5706 -0.791331  -5.7e-05  -2.22766   6.7e-05   1.39236  -1.6e-05
0.985012	  1.57061 -0.791325  -5.5e-05  -2.22766   6.7e-05   1.39236  -1.6e-05
0.986012	 1.57061 -0.79132 -5.4e-05 -2.22766  6.6e-05  1.39236 -1.6e-05
0.987012	  1.57061 -0.791314  -5.2e-05  -2.22767   6.5e-05   1.39236  -1.6e-05
0.988012	  1.57062 -0.791309  -5.1e-05  -2.22767   6.5e-05   1.39236  -1.6e-05
0.989012	  1.57062 -0.791304  -4.9e-05  -2.22767   6.4e-05   1.39236  -1.6e-05
0.990012	  1.57062 -0.791298  -4.7e-05  -2.22768   6.3e-05   1.39236  -1.6e-05
0.991012	  1.57062 -0.791293  -4.6e-05  -2.22768   6.3e-05   1.39236  -1.6e-05
0.992012	  1.57063 -0.791288  -4.4e-05  -2.22768   6.2e-05   1.39236  -1.6e-05
0.993012	  1.57063 -0.791283  -4.3e-05  -2.22768   6.2e-05   1.39236  -1.6e-05
0.994012	  1.57063 -0.791278  -4.1e-05  -2.22769   6.1e-05   1.39236  -1.6e-05
0.995012	  1.57064 -0.791273    -4e-05  -2.22769   6.1e-05   1.39236  -1.6e-05
0.996012	  1.57064 -0.791268  -3.8e-05  -2.22769     6e-05   1.39236  -1.5e-05
0.997012	  1.57064 -0.791263  -3.7e-05   -2.2277   5.9e-05   1.39236  -1.5e-05
0.998012	  1.57064 -0.791259  -3.5e-05   -2.2277   5.9e-05   1.39235  -1.5e-05
0.999012	  1.57065 -0.791254  -3.4e-05   -2.2277   5.8e-05   1.39235  -1.5e-05
1.00001	  1.57065 -0.791249  -3.2e-05   -2.2277   5.8e-05   1.39235  -1.5e-05
1.00101	  1.57065 -0.791245  -3.1e-05   -2.2277   5.7e-05   1.39235  -1.5e-05
1.00201	 1.57065 -0.79124   -3e-05 -2.22771  5.7e-05  1.39235 -1.5e-05
1.00301	  1.57066 -0.791236  -2.8e-05  -2.22771   5.6e-05   1.39235  -1.5e-05
1.00401	  1.57066 -0.791231  -2.7e-05  -2.22771   5.6e-05   1.39235  -1.5e-05
1.00501	  1.57066 -0.791227  -2.5e-05  -2.22771   5.5e-05   1.39235  -1.5e-05
1.00601	  1.57066 -0.791222  -2.4e-05  -2.22772   5.4e-05   1.39235  -1.5e-05
1.00701	  1.57067 -0.791218  -2.3e-05  -2.22772   5.4e-05   1.39235  -1.5e-05
1.00801	  1.57067 -0.791214  -2.2e-05  -2.22772   5.3e-05   1.39235  -1.5e-05
1.00901	 1.57067 -0.79121   -2e-05 -2.22772  5.3e-05  1.39235 -1.5e-05
1.01001	  1.57067 -0.791206  -1.9e-05  -2.22773   5.2e-05   1.39235  -1.5e-05
1.01101	  1.57068 -0.791202  -1.8e-05  -2.22773   5.2e-05   1.39235  -1.4e-05
1.01201	  1.57068 -0.791198  -1.7e-05  -2.22773   5.1e-05   1.39235  -1.4e-05
1.01301	  1.57068 -0.791194  -1.5e-05  -2.22773   5.1e-05   1.39235  -1.4e-05
1.01401	 1.57068 -0.79119 -1.4e-05 -2.22774    5e-05  1.39235 -1.4e-05
1.01501	  1.57069 -0.791186  -1.3e-05  -2.22774     5e-05   1.39235  -1.4e-05
1.01601	  1.57069 -0.791182  -1.2e-05  -2.22774   4.9e-05   1.39235  -1.4e-05
1.01701	  1.57069 -0.791178  -1.1e-05  -2.22774   4.9e-05   1.39234  -1.4e-05
1.01801	  1.57069 -0.791174    -1e-05  -2.22774   4.8e-05   1.39234  -1.4e-05
1.01901	  1.57069 -0.791171    -8e-06  -2.22775   4.8e-05   1.39234  -1.4e-05
1.02001	   1.5707 -0.791167    -7e-06  -2.22775   4.8e-05   1.39234  -1.4e-05
1.02101	   1.5707 -0.791164    -6e-06  -2.22775   4.7e-05   1.39234  -1.4e-05
1.02201	  1.5707 -0.79116   -5e-06 -2.22775  4.7e-05  1.39234 -1.4e-05
1.02301	   1.5707 -0.791157    -4e-06  -2.22775   4.6e-05   1.39234  -1.4e-05
1.02401	   1.5707 -0.791153    -3e-06  -2.22776   4.6e-05   1.39234  -1.4e-05
1.02501	 1.57071 -0.79115   -2e-06 -2.22776  4.5e-05  1.39234 -1.4e-05
1.02601	  1.57071 -0.791147    -1e-06  -2.22776   4.5e-05   1.39234  -1.3e-05
1.02701	  1.57071 -0.791143        -0  -2.22776   4.4e-05   1.39234  -1.3e-05
1.02801	 1.57071 -0.79114    1e-06 -2.22776  4.4e-05  1.39234 -1.3e-05
1.02901	  1.57071 -0.791137     2e-06  -2.22776   4.4e-05   1.39234  -1.3e-05
1.03001	  1.57072 -0.791134     3e-06  -2.22777   4.3e-05   1.39234  -1.3e-05
1.03101	  1.57072 -0.791131     4e-06  -2.22777   4.3e-05   1.39234  -1.3e-05
1.03201	  1.57072 -0.791128     5e-06  -2.22777   4.2e-05   1.39234  -1.3e-05
1.03301	  1.57072 -0.791125     5e-06  -2.22777   4.2e-05   1.39234  -1.3e-05
1.03401	  1.57072 -0.791122     6e-06  -2.22777   4.1e-05   1.39234  -1.3e-05
1.03501	  1.57072 -0.791119     7e-06  -2.22777   4.1e-05   1.39234  -1.3e-05
1.03601	  1.57072 -0.791116     8e-06  -2.22777   4.1e-05   1.39234  -1.3e-05
1.03701	  1.57073 -0.791113     9e-06  -2.22778     4e-05   1.39234  -1.3e-05
1.03801	 1.57073 -0.79111    1e-05 -2.22778    4e-05  1.39234 -1.3e-05
1.03901	  1.57073 -0.791107   1.1e-05  -2.22778   3.9e-05   1.39234  -1.3e-05
1.04001	  1.57073 -0.791105   1.1e-05  -2.22778   3.9e-05   1.39234  -1.3e-05
1.04101	  1.57073 -0.791102   1.2e-05  -2.22778   3.9e-05   1.39234  -1.3e-05
1.04201	 1.57073  -0.7911  1.3e-05 -2.22778  3.8e-05  1.39234 -1.2e-05
1.04301	  1.57074 -0.791097   1.4e-05  -2.22778   3.8e-05   1.39234  -1.2e-05
1.04401	  1.57074 -0.791094   1.4e-05  -2.22779   3.8e-05   1.39234  -1.2e-05
1.04501	  1.57074 -0.791092   1.5e-05  -2.22779   3.7e-05   1.39234  -1.2e-05
1.04601	 1.57074 -0.79109  1.6e-05 -2.22779  3.7e-05  1.39234 -1.2e-05
1.04701	  1.57074 -0.791087   1.7e-05  -2.22779   3.7e-05   1.39234  -1.2e-05
1.04801	  1.57074 -0.791085   1.7e-05  -2.22779   3.6e-05   1.39234  -1.2e-05
1.04901	  1.57075 -0.791082   1.8e-05  -2.22779   3.6e-05   1.39234  -1.2e-05
1.05001	 1.57075 -0.79108  1.9e-05 -2.22779  3.5e-05  1.39234 -1.2e-05
1.05101	  1.57075 -0.791078   1.9e-05  -2.22779   3.5e-05   1.39234  -1.2e-05
1.05201	  1.57075 -0.791076     2e-05   -2.2278   3.5e-05   1.39233  -1.2e-05
1.05301	  1.57075 -0.791074   2.1e-05   -2.2278   3.4e-05   1.39233  -1.2e-05
1.05401	  1.57075 -0.791072   2.1e-05   -2.2278   3.4e-05   1.39233  -1.2e-05
1.05501	  1.57075 -0.791069   2.2e-05   -2.2278   3.4e-05   1.39233  -1.2e-05
1.05601	  1.57075 -0.791067   2.2e-05   -2.2278   3.3e-05   1.39233  -1.2e-05
1.05701	  1.57075 -0.791065   2.3e-05   -2.2278   3.3e-05   1.39233  -1.2e-05
1.05801	  1.57076 -0.791063   2.3e-05   -2.2278   3.3e-05   1.39233  -1.1e-05
1.05901	  1.57076 -0.791062   2.4e-05   -2.2278   3.2e-05   1.39233  -1.1e-05
1.06001	 1.57076 -0.79106  2.5e-05  -2.2278  3.2e-05  1.39233 -1.1e-05
1.06101	  1.57076 -0.791058   2.5e-05  -2.22781   3.2e-05   1.39233  -1.1e-05
1.06201	  1.57076 -0.791056   2.6e-05  -2.22781   3.1e-05   1.39233  -1.1e-05
1.06301	  1.57076 -0.791054   2.6e-05  -2.22781   3.1e-05   1.39233  -1.1e-05
1.06401	  1.57076 -0.791052   2.7e-05  -2.22781   3.1e-05   1.39233  -1.1e-05
1.06501	  1.57076 -0.791051   2.7e-05  -2.22781   3.1e-05   1.39233  -1.1e-05
1.06601	  1.57077 -0.791049   2.8e-05  -2.22781     3e-05   1.39233  -1.1e-05
1.06701	  1.57077 -0.791047   2.8e-05  -2.22781     3e-05   1.39233  -1.1e-05
1.06801	  1.57077 -0.791046   2.9e-05  -2.22781     3e-05   1.39233  -1.1e-05
1.06901	  1.57077 -0.791044   2.9e-05  -2.22781   2.9e-05   1.39233  -1.1e-05
1.07001	  1.57077 -0.791043   2.9e-05  -2.22781   2.9e-05   1.39233  -1.1e-05
1.07101	  1.57077 -0.791041     3e-05  -2.22781   2.9e-05   1.39233  -1.1e-05
1.07201	 1.57077 -0.79104    3e-05 -2.22781  2.9e-05  1.39233 -1.1e-05
1.07301	  1.57077 -0.791038   3.1e-05  -2.22782   2.8e-05   1.39233  -1.1e-05
1.07401	  1.57077 -0.791037   3.1e-05  -2.22782   2.8e-05   1.39233  -1.1e-05
1.07501	  1.57078 -0.791036   3.1e-05  -2.22782   2.8e-05   1.39233    -1e-05
1.07601	  1.57078 -0.791034   3.2e-05  -2.22782   2.7e-05   1.39233    -1e-05
1.07701	  1.57078 -0.791033   3.2e-05  -2.22782   2.7e-05   1.39233    -1e-05
1.07801	  1.57078 -0.791032   3.3e-05  -2.22782   2.7e-05   1.39233    -1e-05
1.07901	 1.57078 -0.79103  3.3e-05 -2.22782  2.7e-05  1.39233   -1e-05
1.08001	  1.57078 -0.791029   3.3e-05  -2.22782   2.6e-05   1.39233    -1e-05
1.08101	  1.57078 -0.791028   3.4e-05  -2.22782   2.6e-05   1.39233    -1e-05
1.08201	  1.57078 -0.791027   3.4e-05  -2.22782   2.6e-05   1.39233    -1e-05
1.08301	  1.57078 -0.791026   3.4e-05  -2.22782   2.6e-05   1.39233    -1e-05
1.08401	  1.57078 -0.791025   3.4e-05  -2.22782   2.5e-05   1.39233    -1e-05
1.08501	  1.57078 -0.791024   3.5e-05  -2.22782   2.5e-05   1.39233    -1e-05
1.08601	  1.57078 -0.791023   3.5e-05  -2.22782   2.5e-05   1.39233    -1e-05
1.08701	  1.57078 -0.791022   3.5e-05  -2.22782   2.5e-05   1.39233    -1e-05
1.08801	  1.57079 -0.791021   3.6e-05  -2.22782   2.4e-05   1.39233    -1e-05
1.08901	 1.57079 -0.79102  3.6e-05 -2.22782  2.4e-05  1.39233   -1e-05
1.09001	  1.57079 -0.791019   3.6e-05  -2.22782   2.4e-05   1.39233    -1e-05
1.09101	  1.57079 -0.791018   3.6e-05  -2.22783   2.4e-05   1.39233    -1e-05
1.09201	  1.57079 -0.791017   3.7e-05  -2.22783   2.3e-05   1.39233    -1e-05
1.09301	  1.57079 -0.791016   3.7e-05  -2.22783   2.3e-05   1.39233    -9e-06
1.09401	  1.57079 -0.791015   3.7e-05  -2.22783   2.3e-05   1.39233    -9e-06
1.09501	  1.57079 -0.791015   3.7e-05  -2.22783   2.3e-05   1.39233    -9e-06
1.09601	  1.57079 -0.791014   3.7e-05  -2.22783   2.3e-05   1.39233    -9e-06
1.09701	  1.57079 -0.791013   3.8e-05  -2.22783   2.2e-05   1.39233    -9e-06
1.09801	  1.57079 -0.791012   3.8e-05  -2.22783   2.2e-05   1.39233    -9e-06
1.09901	  1.57079 -0.791012   3.8e-05  -2.22783   2.2e-05   1.39233    -9e-06
1.10001	  1.57079 -0.791011   3.8e-05  -2.22783   2.2e-05   1.39233    -9e-06
1.10101	 1.57079 -0.79101  3.8e-05 -2.22783  2.1e-05  1.39233   -9e-06
1.10201	 1.57079 -0.79101  3.8e-05 -2.22783  2.1e-05  1.39233   -9e-06
1.10301	  1.57079 -0.791009   3.8e-05  -2.22783   2.1e-05   1.39233    -9e-06
1.10401	  1.57079 -0.791009   3.9e-05  -2.22783   2.1e-05   1.39233    -9e-06
1.10501	   1.5708 -0.791008   3.9e-05  -2.22783   2.1e-05   1.39233    -9e-06
1.10601	   1.5708 -0.791008   3.9e-05  -2.22783     2e-05   1.39233    -9e-06
1.10701	   1.5708 -0.791007   3.9e-05  -2.22783     2e-05   1.39233    -9e-06
1.10801	   1.5708 -0.791007   3.9e-05  -2.22783     2e-05   1.39233    -9e-06
1.10901	   1.5708 -0.791006   3.9e-05  -2.22783     2e-05   1.39233    -9e-06
1.11001	   1.5708 -0.791006   3.9e-05  -2.22783     2e-05   1.39233    -9e-06
1.11101	   1.5708 -0.791005   3.9e-05  -2.22783   1.9e-05   1.39233    -9e-06
1.11201	   1.5708 -0.791005   3.9e-05  -2.22783   1.9e-05   1.39233    -8e-06
1.11301	   1.5708 -0.791005     4e-05  -2.22783   1.9e-05   1.39233    -8e-06
1.11401	   1.5708 -0.791004     4e-05  -2.22783   1.9e-05   1.39233    -8e-06
1.11501	   1.5708 -0.791004     4e-05  -2.22783   1.9e-05   1.39233    -8e-06
1.11601	   1.5708 -0.791004     4e-05  -2.22783   1.8e-05   1.39233    -8e-06
1.11701	   1.5708 -0.791003     4e-05  -2.22783   1.8e-05   1.39233    -8e-06
1.11801	   1.5708 -0.791003     4e-05  -2.22783   1.8e-05   1.39233    -8e-06
1.11901	   1.5708 -0.791003     4e-05  -2.22783   1.8e-05   1.39233    -8e-06
1.12001	   1.5708 -0.791003     4e-05  -2.22783   1.8e-05   1.39233    -8e-06
1.12101	   1.5708 -0.791003     4e-05  -2.22783   1.8e-05   1.39233    -8e-06
1.12201	   1.5708 -0.791002     4e-05  -2.22783   1.7e-05   1.39233    -8e-06
1.12301	   1.5708 -0.791002     4e-05  -2.22783   1.7e-05   1.39233    -8e-06
1.12401	   1.5708 -0.791002     4e-05  -2.22783   1.7e-05   1.39233    -8e-06
1.12501	   1.5708 -0.791002     4e-05  -2.22783   1.7e-05   1.39233    -8e-06
1.12601	   1.5708 -0.791002     4e-05  -2.22783   1.7e-05   1.39233    -8e-06
1.12701	   1.5708 -0.791002     4e-05  -2.22783   1.7e-05   1.39233    -8e-06
1.12801	  1.57081 -0.791002     4e-05  -2.22783   1.6e-05   1.39233    -8e-06
1.12901	  1.57081 -0.791002     4e-05  -2.22783   1.6e-05   1.39233    -8e-06
1.13001	  1.57081 -0.791002     4e-05  -2.22783   1.6e-05   1.39233    -8e-06
1.13101	  1.57081 -0.791002     4e-05  -2.22783   1.6e-05   1.39233    -8e-06
1.13201	  1.57081 -0.791002     4e-05  -2.22783   1.6e-05   1.39233    -7e-06
1.13301	  1.57081 -0.791002     4e-05  -2.22783   1.6e-05   1.39233    -7e-06
1.13401	  1.57081 -0.791002     4e-05  -2.22783   1.6e-05   1.39233    -7e-06
1.13501	  1.57081 -0.791002     4e-05  -2.22783   1.5e-05   1.39233    -7e-06
1.13601	  1.57081 -0.791002     4e-05  -2.22783   1.5e-05   1.39233    -7e-06
1.13701	  1.57081 -0.791002     4e-05  -2.22783   1.5e-05   1.39233    -7e-06
1.13801	  1.57081 -0.791002     4e-05  -2.22783   1.5e-05   1.39233    -7e-06
1.13901	  1.57081 -0.791002     4e-05  -2.22783   1.5e-05   1.39233    -7e-06
1.14001	  1.57081 -0.791002     4e-05  -2.22783   1.5e-05   1.39233    -7e-06
1.14101	  1.57081 -0.791003   3.9e-05  -2.22783   1.5e-05   1.39233    -7e-06
1.14201	  1.57081 -0.791003   3.9e-05  -2.22783   1.4e-05   1.39233    -7e-06
1.14301	  1.57081 -0.791003   3.9e-05  -2.22783   1.4e-05   1.39233    -7e-06
1.14401	  1.57081 -0.791003   3.9e-05  -2.22783   1.4e-05   1.39233    -7e-06
1.14501	  1.57081 -0.791003   3.9e-05  -2.22783   1.4e-05   1.39233    -7e-06
1.14601	  1.57081 -0.791003   3.9e-05  -2.22783   1.4e-05   1.39233    -7e-06
1.14701	  1.57081 -0.791004   3.9e-05  -2.22783   1.4e-05   1.39233    -7e-06
1.14801	  1.57081 -0.791004   3.9e-05  -2.22783   1.4e-05   1.39233    -7e-06
1.14901	  1.57081 -0.791004   3.9e-05  -2.22783   1.3e-05   1.39233    -7e-06
1.15001	  1.57081 -0.791004   3.9e-05  -2.22783   1.3e-05   1.39233    -7e-06
1.15101	  1.57081 -0.791005   3.9e-05  -2.22783   1.3e-05   1.39233    -7e-06
1.15201	  1.57081 -0.791005   3.9e-05  -2.22783   1.3e-05   1.39233    -7e-06
1.15301	  1.57081 -0.791005   3.8e-05  -2.22783   1.3e-05   1.39233    -6e-06
1.15401	  1.57081 -0.791006   3.8e-05  -2.22783   1.3e-05   1.39233    -6e-06
1.15501	  1.57081 -0.791006   3.8e-05  -2.22783   1.3e-05   1.39233    -6e-06
1.15601	  1.57081 -0.791006   3.8e-05  -2.22783   1.3e-05   1.39233    -6e-06
1.15701	  1.57081 -0.791007   3.8e-05  -2.22783   1.2e-05   1.39233    -6e-06
1.15801	  1.57081 -0.791007   3.8e-05  -2.22783   1.2e-05   1.39233    -6e-06
1.15901	  1.57081 -0.791007   3.8e-05  -2.22783   1.2e-05   1.39233    -6e-06
1.16001	  1.57081 -0.791008   3.8e-05  -2.22783   1.2e-05   1.39233    -6e-06
1.16101	  1.57081 -0.791008   3.7e-05  -2.22783   1.2e-05   1.39233    -6e-06
1.16201	  1.57081 -0.791009   3.7e-05  -2.22783   1.2e-05   1.39233    -6e-06
1.16301	  1.57081 -0.791009   3.7e-05  -2.22783   1.2e-05   1.39233    -6e-06
1.16401	 1.57081 -0.79101  3.7e-05 -2.22783  1.2e-05  1.39233   -6e-06
1.16501	 1.57081 -0.79101  3.7e-05 -2.22782  1.2e-05  1.39233   -6e-06
1.16601	 1.57081 -0.79101  3.7e-05 -2.22782  1.1e-05  1.39233   -6e-06
1.16701	  1.57081 -0.791011   3.7e-05  -2.22782   1.1e-05   1.39233    -6e-06
1.16801	  1.57081 -0.791011   3.6e-05  -2.22782   1.1e-05   1.39233    -6e-06
1.16901	  1.57081 -0.791012   3.6e-05  -2.22782   1.1e-05   1.39233    -6e-06
1.17001	  1.57081 -0.791012   3.6e-05  -2.22782   1.1e-05   1.39233    -6e-06
1.17101	  1.57081 -0.791013   3.6e-05  -2.22782   1.1e-05   1.39233    -6e-06
1.17201	  1.57081 -0.791013   3.6e-05  -2.22782   1.1e-05   1.39233    -6e-06
1.17301	  1.57081 -0.791014   3.6e-05  -2.22782   1.1e-05   1.39233    -6e-06
1.17401	  1.57081 -0.791014   3.6e-05  -2.22782   1.1e-05   1.39233    -6e-06
1.17501	  1.57081 -0.791015   3.5e-05  -2.22782     1e-05   1.39233    -6e-06
1.17601	  1.57081 -0.791015   3.5e-05  -2.22782     1e-05   1.39233    -5e-06
1.17701	  1.57081 -0.791016   3.5e-05  -2.22782     1e-05   1.39233    -5e-06
1.17801	  1.57081 -0.791016   3.5e-05  -2.22782     1e-05   1.39233    -5e-06
1.17901	  1.57081 -0.791017   3.5e-05  -2.22782     1e-05   1.39233    -5e-06
1.18001	  1.57081 -0.791018   3.5e-05  -2.22782     1e-05   1.39233    -5e-06
1.18101	  1.57081 -0.791018   3.4e-05  -2.22782     1e-05   1.39233    -5e-06
1.18201	  1.57081 -0.791019   3.4e-05  -2.22782     1e-05   1.39233    -5e-06
1.18301	  1.57081 -0.791019   3.4e-05  -2.22782     1e-05   1.39233    -5e-06
1.18401	 1.57081 -0.79102  3.4e-05 -2.22782    1e-05  1.39233   -5e-06
1.18501	  1.57081 -0.791021   3.4e-05  -2.22782     1e-05   1.39233    -5e-06
1.18601	  1.57081 -0.791021   3.4e-05  -2.22782     9e-06   1.39233    -5e-06
1.18701	  1.57081 -0.791022   3.3e-05  -2.22782     9e-06   1.39233    -5e-06
1.18864	  1.57081 -0.791022   3.3e-05  -2.22782     9e-06   1.39233    -5e-06
1.18964	  1.57081 -0.791023   3.3e-05  -2.22782     9e-06   1.39233    -5e-06
1.19064	  1.57081 -0.791024   3.3e-05  -2.22782     9e-06   1.39233    -5e-06
1.19164	  1.57081 -0.791024   3.3e-05  -2.22782     9e-06   1.39233    -5e-06
1.19264	  1.57081 -0.791025   3.2e-05  -2.22782     9e-06   1.39233    -5e-06
1.19364	  1.57081 -0.791025   3.2e-05  -2.22782     9e-06   1.39233    -5e-06
1.19464	  1.57081 -0.791026   3.2e-05  -2.22781     9e-06   1.39233    -5e-06
1.19564	  1.57081 -0.791027   3.2e-05  -2.22781     9e-06   1.39233    -5e-06
1.19664	  1.57081 -0.791027   3.2e-05  -2.22781     9e-06   1.39233    -5e-06
1.19764	  1.57081 -0.791028   3.2e-05  -2.22781     9e-06   1.39233    -5e-06
1.19864	  1.57081 -0.791029   3.1e-05  -2.22781     8e-06   1.39233    -5e-06
1.19964	  1.57081 -0.791029   3.1e-05  -2.22781     8e-06   1.39233    -5e-06
1.20064	 1.57081 -0.79103  3.1e-05 -2.22781    8e-06  1.39233   -5e-06
