0.00109487	0 0 0 0 0 0 0
0.00209487	 -1.39626 -0.785398         0  -2.18166         0   1.39626        -0
0.00309487	 -1.39606 -0.785476   7.5e-05  -2.18195  0.000279   1.39661    -7e-06
0.00409488	 -1.39505 -0.785631  0.000226  -2.18253  0.000839   1.39732  -2.1e-05
0.00509487	 -1.39287 -0.785782  0.000373  -2.18309  0.001386   1.39801  -3.5e-05
0.00609487	 -1.38955 -0.785925  0.000514  -2.18363  0.001909   1.39867  -4.8e-05
0.00709487	 -1.38514 -0.786062  0.000649  -2.18415  0.002408   1.39931    -6e-05
0.00809487	 -1.37969 -0.786192  0.000777  -2.18464  0.002884   1.39992  -7.2e-05
0.00941017	 -1.37326 -0.786315  0.000899  -2.18511  0.003337   1.40051  -8.3e-05
0.0104102	 -1.36592 -0.786432  0.001016  -2.18555  0.003768   1.40108  -9.3e-05
0.0114102	 -1.35773 -0.786544  0.001127  -2.18598  0.004179   1.40161 -0.000103
0.0124102	 -1.34874 -0.786649  0.001232  -2.18639   0.00457   1.40213 -0.000113
0.0134102	 -1.33898  -0.78675  0.001333  -2.18678  0.004941   1.40262 -0.000122
0.0144102	  -1.3285 -0.786846  0.001428  -2.18715  0.005294   1.40309  -0.00013
0.0154102	 -1.31732 -0.786936  0.001518   -2.1875   0.00563   1.40354 -0.000138
0.0164102	 -1.30549 -0.787022  0.001604  -2.18783  0.005948   1.40396 -0.000146
0.0174102	 -1.29304 -0.787104  0.001686  -2.18815   0.00625   1.40437 -0.000153
0.0184102	 -1.28001 -0.787181  0.001763  -2.18845  0.006535   1.40476  -0.00016
0.0194102	 -1.26641 -0.787254  0.001836  -2.18873  0.006806   1.40513 -0.000166
0.0204102	 -1.25229 -0.787323  0.001905  -2.18901  0.007062   1.40548 -0.000172
0.0214102	 -1.23768 -0.787388  0.001971  -2.18926  0.007303   1.40581 -0.000178
0.0224102	 -1.22259  -0.78745  0.002033  -2.18951  0.007531   1.40613 -0.000183
0.0234102	 -1.20707 -0.787508  0.002091  -2.18974  0.007745   1.40643 -0.000188
0.0244102	 -1.19112 -0.787562  0.002145  -2.18995  0.007947   1.40671 -0.000193
0.0254102	 -1.17479 -0.787613  0.002197  -2.19016  0.008137   1.40698 -0.000197
0.0264102	 -1.15809 -0.787661  0.002245  -2.19035  0.008315   1.40724 -0.000201
0.0274102	 -1.14105 -0.787706   0.00229  -2.19053  0.008482   1.40748 -0.000205
0.0284102	 -1.12369 -0.787748  0.002333   -2.1907  0.008638    1.4077 -0.000208
0.0294102	 -1.10602 -0.787787  0.002372  -2.19086  0.008783   1.40792 -0.000212
0.0304102	 -1.08808 -0.787824  0.002409  -2.19101  0.008919   1.40812 -0.000215
0.0314102	 -1.06988 -0.787858  0.002443  -2.19115  0.009045    1.4083 -0.000217
0.0324102	 -1.05143 -0.787889  0.002475  -2.19128  0.009162   1.40848  -0.00022
0.0334102	 -1.03277 -0.787918  0.002505   -2.1914  0.009269   1.40864 -0.000222
0.0344102	  -1.0139 -0.787945  0.002532  -2.19151  0.009369    1.4088 -0.000225
0.0354102	-0.994838 -0.787969  0.002557  -2.19161   0.00946   1.40894 -0.000226
0.0364102	-0.975606 -0.787992  0.002579  -2.19171  0.009543   1.40907 -0.000228
0.0374102	-0.956217 -0.788012    0.0026   -2.1918  0.009619   1.40919  -0.00023
0.0384102	-0.936686 -0.788031  0.002619  -2.19188  0.009687    1.4093 -0.000231
0.0394102	-0.917027 -0.788047  0.002636  -2.19195  0.009749    1.4094 -0.000232
0.0404102	-0.897253 -0.788062  0.002651  -2.19201  0.009804    1.4095 -0.000233
0.0414102	-0.897253 -0.788062  0.002651  -2.19201  0.009804    1.4095 -0.000233
0.0446561	-0.877379 -0.788075  0.002664  -2.19207  0.009852   1.40958 -0.000234
0.0456561	-0.857409 -0.788087  0.002676  -2.19212  0.009895   1.40966 -0.000235
0.0466561	 -0.83735 -0.788096  0.002686  -2.19217  0.009931   1.40972 -0.000236
0.0476561	-0.817215 -0.788105  0.002695  -2.19221  0.009961   1.40978 -0.000236
0.0486561	-0.797015 -0.788111  0.002702  -2.19224  0.009986   1.40983 -0.000237
0.0496561	-0.776761 -0.788117  0.002707  -2.19227  0.010005   1.40988 -0.000237
0.0506561	-0.756466 -0.788121  0.002712  -2.19229  0.010019   1.40992 -0.000237
0.0516561	-0.736139 -0.788124  0.002714  -2.19231  0.010029   1.40995 -0.000237
0.0526561	 -0.71579 -0.788125  0.002716  -2.19232  0.010034   1.40997 -0.000236
0.0536561	 -0.69543 -0.788125  0.002717  -2.19233  0.010034   1.40999 -0.000236
0.0546561	-0.675066 -0.788125  0.002716  -2.19233   0.01003      1.41 -0.000236
0.0556561	-0.654708 -0.788123  0.002714  -2.19233  0.010022   1.41001 -0.000235
0.0566561	-0.634363  -0.78812  0.002711  -2.19232  0.010011      1.41 -0.000234
0.0576561	-0.614041 -0.788116  0.002708  -2.19231  0.009995      1.41 -0.000234
0.0586561	-0.593748 -0.788111  0.002703   -2.1923  0.009976   1.40998 -0.000233
0.0596561	-0.573491 -0.788106  0.002697  -2.19228  0.009954   1.40996 -0.000232
0.0606561	-0.553278 -0.788099  0.002691  -2.19226  0.009929   1.40994 -0.000231
0.0616561	-0.533115 -0.788092  0.002684  -2.19223    0.0099   1.40991  -0.00023
0.0626561	-0.513007 -0.788084  0.002675   -2.1922  0.009869   1.40987 -0.000229
0.0636561	-0.492962 -0.788075  0.002667  -2.19217  0.009836   1.40983 -0.000228
0.0646561	-0.472983 -0.788065  0.002657  -2.19213  0.009799   1.40978 -0.000227
0.0656561	-0.453077 -0.788055  0.002647  -2.19209   0.00976   1.40973 -0.000225
0.0666561	-0.433249 -0.788044  0.002636  -2.19205  0.009719   1.40968 -0.000224
0.0676561	-0.413502 -0.788033  0.002625    -2.192  0.009676   1.40962 -0.000223
0.0686561	-0.393843 -0.788021  0.002613  -2.19196  0.009631   1.40955 -0.000221
0.0696561	-0.374274 -0.788009    0.0026  -2.19191  0.009584   1.40949  -0.00022
0.0706561	-0.354801 -0.787996  0.002587  -2.19185  0.009535   1.40941 -0.000218
0.0716561	-0.335426 -0.787982  0.002574   -2.1918  0.009484   1.40934 -0.000217
0.0726561	-0.316153 -0.787969   0.00256  -2.19174  0.009432   1.40926 -0.000215
0.0736561	-0.296985 -0.787954  0.002546  -2.19168  0.009378   1.40918 -0.000213
0.0746561	-0.277927  -0.78794  0.002531  -2.19162  0.009322   1.40909 -0.000212
0.0756561	-0.258979 -0.787925  0.002516  -2.19155  0.009266     1.409  -0.00021
0.0766561	-0.240147 -0.787909    0.0025  -2.19149  0.009208   1.40891 -0.000209
0.0776561	-0.221431 -0.787894  0.002484  -2.19142  0.009149   1.40881 -0.000207
0.0786561	-0.202834 -0.787878  0.002468  -2.19135  0.009089   1.40871 -0.000205
0.0796561	-0.184359 -0.787861  0.002452  -2.19128  0.009028   1.40861 -0.000204
0.0806561	-0.166008 -0.787845  0.002435  -2.19121  0.008966   1.40851 -0.000202
0.0816561	-0.147782 -0.787828  0.002418  -2.19113  0.008903    1.4084   -0.0002
0.0826561	-0.129684 -0.787811  0.002401  -2.19106  0.008839    1.4083 -0.000198
0.0836561	-0.111715 -0.787794  0.002383  -2.19098  0.008775   1.40819 -0.000197
0.0846561	-0.093876 -0.787777  0.002366   -2.1909  0.008709   1.40807 -0.000195
0.0856561	-0.076169 -0.787759  0.002348  -2.19082  0.008644   1.40796 -0.000193
0.0866561	-0.058596 -0.787741   0.00233  -2.19074  0.008577   1.40785 -0.000191
0.0876561	-0.041157 -0.787723  0.002312  -2.19066  0.008511   1.40773  -0.00019
0.0886561	-0.023854 -0.787705  0.002294  -2.19058  0.008443   1.40761 -0.000188
0.0896561	-0.006687 -0.787687  0.002275   -2.1905  0.008376   1.40749 -0.000186
0.0906561	 0.010342 -0.787669  0.002257  -2.19042  0.008308   1.40737 -0.000184
0.0916561	 0.027234 -0.787651  0.002238  -2.19034  0.008239   1.40725 -0.000183
0.0926561	 0.043986 -0.787632   0.00222  -2.19025  0.008171   1.40713 -0.000181
0.0936561	   0.0606 -0.787614  0.002201  -2.19017  0.008102   1.40701 -0.000179
0.0946561	 0.077073 -0.787595  0.002182  -2.19008  0.008033   1.40688 -0.000177
0.0956561	 0.093407 -0.787576  0.002163     -2.19  0.007964   1.40676 -0.000176
0.0966561	   0.1096 -0.787558  0.002144  -2.18991  0.007895   1.40663 -0.000174
0.0976561	 0.125652 -0.787539  0.002125  -2.18983  0.007825   1.40651 -0.000172
0.0986561	 0.141563  -0.78752  0.002106  -2.18974  0.007756   1.40638 -0.000171
0.0996561	 0.157333 -0.787502  0.002087  -2.18966  0.007687   1.40625 -0.000169
0.100656	 0.172962 -0.787483  0.002069  -2.18957  0.007617   1.40613 -0.000167
0.101656	 0.188449 -0.787464   0.00205  -2.18948  0.007548     1.406 -0.000166
0.102656	 0.203796 -0.787445  0.002031   -2.1894  0.007478   1.40587 -0.000164
0.103656	 0.219002 -0.787427  0.002012  -2.18931  0.007409   1.40575 -0.000162
0.104656	 0.234067 -0.787408  0.001993  -2.18923   0.00734   1.40562 -0.000161
0.105656	 0.248992 -0.787389  0.001974  -2.18914  0.007271    1.4055 -0.000159
0.106656	 0.263776 -0.787371  0.001955  -2.18906  0.007203   1.40537 -0.000157
0.107656	 0.278421 -0.787352  0.001936  -2.18897  0.007134   1.40524 -0.000156
0.108656	 0.292926 -0.787334  0.001917  -2.18888  0.007066   1.40512 -0.000154
0.109656	 0.307291 -0.787315  0.001899   -2.1888  0.006997   1.40499 -0.000153
0.110656	 0.321518 -0.787297   0.00188  -2.18872   0.00693   1.40487 -0.000151
0.111656	 0.335607 -0.787278  0.001861  -2.18863  0.006862   1.40475  -0.00015
0.112656	 0.349559  -0.78726  0.001843  -2.18855  0.006795   1.40462 -0.000148
0.113656	 0.363373 -0.787242  0.001825  -2.18846  0.006728    1.4045 -0.000147
0.114656	 0.377051 -0.787224  0.001806  -2.18838  0.006661   1.40438 -0.000145
0.115656	 0.390592 -0.787206  0.001788   -2.1883  0.006594   1.40426 -0.000144
0.116656	 0.403999 -0.787188   0.00177  -2.18822  0.006528   1.40414 -0.000142
0.117656	 0.417271  -0.78717  0.001752  -2.18813  0.006462   1.40402 -0.000141
0.118656	 0.430409 -0.787152  0.001734  -2.18805  0.006397    1.4039 -0.000139
0.119656	 0.443414 -0.787134  0.001716  -2.18797  0.006332   1.40378 -0.000138
0.120656	 0.456286 -0.787117  0.001698  -2.18789  0.006267   1.40366 -0.000136
0.121656	 0.469027 -0.787099   0.00168  -2.18781  0.006203   1.40355 -0.000135
0.122656	 0.481637 -0.787082  0.001663  -2.18773  0.006139   1.40343 -0.000134
0.123656	 0.494116 -0.787064  0.001645  -2.18765  0.006076   1.40332 -0.000132
0.124656	 0.506467 -0.787047  0.001628  -2.18758  0.006013    1.4032 -0.000131
0.125656	0.518689 -0.78703 0.001611  -2.1875  0.00595  1.40309 -0.00013
0.126656	 0.530783 -0.787013  0.001593  -2.18742  0.005888   1.40298 -0.000128
0.127656	 0.542751 -0.786996  0.001576  -2.18735  0.005826   1.40287 -0.000127
0.128656	 0.554593 -0.786979   0.00156  -2.18727  0.005765   1.40276 -0.000126
0.129656	  0.56631 -0.786963  0.001543   -2.1872  0.005704   1.40265 -0.000124
0.130656	 0.577903 -0.786946  0.001526  -2.18712  0.005643   1.40255 -0.000123
0.131656	 0.589373  -0.78693   0.00151  -2.18705  0.005583   1.40244 -0.000122
0.132656	 0.600721 -0.786913  0.001493  -2.18698  0.005524   1.40234  -0.00012
0.133656	 0.611947 -0.786897  0.001477   -2.1869  0.005465   1.40223 -0.000119
0.134656	 0.623053 -0.786881  0.001461  -2.18683  0.005406   1.40213 -0.000118
0.135656	  0.63404 -0.786865  0.001445  -2.18676  0.005348   1.40203 -0.000117
0.136656	 0.644908 -0.786849  0.001429  -2.18669   0.00529   1.40193 -0.000116
0.137656	 0.655659 -0.786834  0.001413  -2.18662  0.005233   1.40183 -0.000114
0.138656	 0.666293 -0.786818  0.001398  -2.18656  0.005176   1.40173 -0.000113
0.139656	 0.676811 -0.786803  0.001382  -2.18649   0.00512   1.40164 -0.000112
0.140656	 0.687215 -0.786787  0.001367  -2.18642  0.005064   1.40154 -0.000111
0.141656	 0.697506 -0.786772  0.001352  -2.18635  0.005009   1.40145  -0.00011
0.142656	 0.707683 -0.786757  0.001336  -2.18629  0.004954   1.40135 -0.000109
0.143656	 0.717749 -0.786742  0.001322  -2.18622    0.0049   1.40126 -0.000107
0.144656	 0.727704 -0.786727  0.001307  -2.18616  0.004846   1.40117 -0.000106
0.145656	  0.73755 -0.786713  0.001292   -2.1861  0.004793   1.40108 -0.000105
0.146656	 0.747287 -0.786698  0.001277  -2.18603   0.00474     1.401 -0.000104
0.147656	 0.756916 -0.786684  0.001263  -2.18597  0.004687   1.40091 -0.000103
0.148656	 0.766438  -0.78667  0.001249  -2.18591  0.004635   1.40082 -0.000102
0.149656	 0.775854 -0.786655  0.001235  -2.18585  0.004584   1.40074 -0.000101
0.150656	 0.785166 -0.786641  0.001221  -2.18579  0.004533   1.40066   -0.0001
0.151656	 0.794373 -0.786628  0.001207  -2.18573  0.004482   1.40058  -9.9e-05
0.152656	 0.803478 -0.786614  0.001193  -2.18567  0.004432    1.4005  -9.8e-05
0.153656	0.812481  -0.7866 0.001179 -2.18562 0.004383  1.40042 -9.7e-05
0.154656	 0.821382 -0.786587  0.001166  -2.18556  0.004334   1.40034  -9.6e-05
0.155656	 0.830184 -0.786573  0.001153   -2.1855  0.004285   1.40026  -9.5e-05
0.156656	0.838887 -0.78656 0.001139 -2.18545 0.004237  1.40019 -9.4e-05
0.157656	 0.847492 -0.786547  0.001126  -2.18539  0.004189   1.40011  -9.3e-05
0.158656	 0.855999 -0.786534  0.001113  -2.18534  0.004142   1.40004  -9.2e-05
0.159656	 0.864411 -0.786521  0.001101  -2.18529  0.004095   1.39997  -9.1e-05
0.160656	 0.872727 -0.786508  0.001088  -2.18523  0.004049   1.39989    -9e-05
0.161656	 0.880949 -0.786496  0.001075  -2.18518  0.004003   1.39983  -8.9e-05
0.162656	 0.889077 -0.786483  0.001063  -2.18513  0.003958   1.39976  -8.8e-05
0.163656	 0.896314 -0.786472  0.001052  -2.18508  0.003917   1.39969  -8.7e-05
0.164656	0.904268 -0.78646  0.00104 -2.18503 0.003873  1.39963 -8.6e-05
0.165656	 0.912131 -0.786448  0.001028  -2.18499  0.003829   1.39956  -8.5e-05
0.166656	 0.919905 -0.786436  0.001016  -2.18494  0.003785    1.3995  -8.4e-05
0.167656	 0.927589 -0.786424  0.001004  -2.18489  0.003742   1.39943  -8.4e-05
0.168656	 0.935186 -0.786412  0.000992  -2.18484  0.003699   1.39937  -8.3e-05
0.169656	0.942696  -0.7864 0.000981 -2.18479 0.003657  1.39931 -8.2e-05
0.170656	  0.95012 -0.786389  0.000969  -2.18475  0.003615   1.39925  -8.1e-05
0.171656	 0.957458 -0.786377  0.000958   -2.1847  0.003574   1.39919    -8e-05
0.172656	 0.964713 -0.786366  0.000947  -2.18466  0.003533   1.39913  -7.9e-05
0.173656	 0.971884 -0.786355  0.000936  -2.18461  0.003492   1.39908  -7.8e-05
0.174656	 0.978972 -0.786344  0.000925  -2.18457  0.003452   1.39902  -7.7e-05
0.175656	 0.985978 -0.786333  0.000914  -2.18453  0.003412   1.39896  -7.7e-05
0.176656	 0.992904 -0.786322  0.000903  -2.18449  0.003373   1.39891  -7.6e-05
0.177656	  0.99975 -0.786311  0.000893  -2.18444  0.003334   1.39886  -7.5e-05
0.178656	  1.00652 -0.786301  0.000882   -2.1844  0.003296    1.3988  -7.4e-05
0.179656	  1.0132 -0.78629 0.000872 -2.18436 0.003258  1.39875 -7.3e-05
0.180656	 1.01982 -0.78628 0.000862 -2.18432  0.00322   1.3987 -7.3e-05
0.181656	 1.02635 -0.78627 0.000851 -2.18428 0.003183  1.39865 -7.2e-05
0.182656	 1.03281 -0.78626 0.000841 -2.18424 0.003146   1.3986 -7.1e-05
0.183656	 1.03919 -0.78625 0.000832 -2.18421  0.00311  1.39855   -7e-05
0.184656	  1.0455 -0.78624 0.000822 -2.18417 0.003074  1.39851   -7e-05
0.185656	 1.05174 -0.78623 0.000812 -2.18413 0.003038  1.39846 -6.9e-05
0.186656	  1.0579 -0.78622 0.000802 -2.18409 0.003003  1.39842 -6.8e-05
0.187656	  1.06399 -0.786211  0.000793  -2.18406  0.002968   1.39837  -6.7e-05
0.188656	  1.07001 -0.786201  0.000784  -2.18402  0.002933   1.39833  -6.7e-05
0.189656	  1.07597 -0.786192  0.000774  -2.18399  0.002899   1.39829  -6.6e-05
0.190656	  1.08185 -0.786182  0.000765  -2.18395  0.002865   1.39824  -6.5e-05
0.191656	  1.08766 -0.786173  0.000756  -2.18392  0.002832    1.3982  -6.4e-05
0.192656	   1.0934 -0.786164  0.000747  -2.18389  0.002799   1.39816  -6.4e-05
0.193656	  1.09908 -0.786155  0.000738  -2.18385  0.002766   1.39812  -6.3e-05
0.194656	  1.10469 -0.786146   0.00073  -2.18382  0.002734   1.39808  -6.2e-05
0.195656	  1.11024 -0.786137  0.000721  -2.18379  0.002702   1.39804  -6.2e-05
0.196656	  1.11572 -0.786129  0.000712  -2.18376  0.002671   1.39801  -6.1e-05
0.197656	 1.12113 -0.78612 0.000704 -2.18372 0.002639  1.39797   -6e-05
0.198656	  1.12649 -0.786112  0.000696  -2.18369  0.002609   1.39793    -6e-05
0.199656	  1.13178 -0.786103  0.000687  -2.18366  0.002578    1.3979  -5.9e-05
0.200656	  1.13701 -0.786095  0.000679  -2.18363  0.002548   1.39786  -5.8e-05
0.201656	  1.14217 -0.786087  0.000671  -2.18361  0.002518   1.39783  -5.8e-05
0.202656	  1.14728 -0.786078  0.000663  -2.18358  0.002489    1.3978  -5.7e-05
0.203656	 1.15232 -0.78607 0.000655 -2.18355 0.002459  1.39776 -5.6e-05
0.204656	  1.15731 -0.786063  0.000648  -2.18352  0.002431   1.39773  -5.6e-05
0.205656	  1.16224 -0.786055   0.00064  -2.18349  0.002402    1.3977  -5.5e-05
0.206656	  1.16711 -0.786047  0.000632  -2.18346  0.002374   1.39767  -5.5e-05
0.207656	  1.17192 -0.786039  0.000625  -2.18344  0.002346   1.39764  -5.4e-05
0.208797	  1.17667 -0.786032  0.000617  -2.18341  0.002318   1.39761  -5.3e-05
0.209797	  1.18138 -0.786024   0.00061  -2.18339  0.002291   1.39758  -5.3e-05
0.210797	  1.18602 -0.786017  0.000603  -2.18336  0.002264   1.39755  -5.2e-05
0.211797	  1.19061 -0.786009  0.000595  -2.18334  0.002238   1.39752  -5.2e-05
0.212797	  1.19514 -0.786002  0.000588  -2.18331  0.002211    1.3975  -5.1e-05
0.213797	  1.19963 -0.785995  0.000581  -2.18329  0.002185   1.39747  -5.1e-05
0.214797	  1.20406 -0.785988  0.000574  -2.18326  0.002159   1.39744    -5e-05
0.215797	  1.20843 -0.785981  0.000568  -2.18324  0.002134   1.39742  -4.9e-05
0.216797	  1.21276 -0.785974  0.000561  -2.18322  0.002109   1.39739  -4.9e-05
0.217797	  1.21703 -0.785967  0.000554  -2.18319  0.002084   1.39737  -4.8e-05
0.218797	 1.22125 -0.78596 0.000548 -2.18317 0.002059  1.39734 -4.8e-05
0.219797	  1.22543 -0.785954  0.000541  -2.18315  0.002035   1.39732  -4.7e-05
0.220797	  1.22955 -0.785947  0.000535  -2.18313  0.002011    1.3973  -4.7e-05
0.221797	  1.23363 -0.785941  0.000528   -2.1831  0.001987   1.39727  -4.6e-05
0.222797	  1.23765 -0.785934  0.000522  -2.18308  0.001964   1.39725  -4.6e-05
0.223797	  1.24163 -0.785928  0.000516  -2.18306  0.001941   1.39723  -4.5e-05
0.224797	  1.24556 -0.785921   0.00051  -2.18304  0.001918   1.39721  -4.5e-05
0.225797	  1.24945 -0.785915  0.000503  -2.18302  0.001895   1.39719  -4.4e-05
0.226797	  1.25329 -0.785909  0.000497    -2.183  0.001873   1.39717  -4.4e-05
0.227797	  1.25708 -0.785903  0.000491  -2.18298  0.001851   1.39715  -4.3e-05
0.228797	  1.26083 -0.785897  0.000486  -2.18296  0.001829   1.39713  -4.3e-05
0.229797	  1.26453 -0.785891   0.00048  -2.18294  0.001807   1.39711  -4.2e-05
0.230797	   1.2682 -0.785885  0.000474  -2.18293  0.001786   1.39709  -4.2e-05
0.231797	  1.27181 -0.785879  0.000468  -2.18291  0.001765   1.39707  -4.1e-05
0.232797	  1.27539 -0.785874  0.000463  -2.18289  0.001744   1.39705  -4.1e-05
0.233797	  1.27892 -0.785868  0.000457  -2.18287  0.001723   1.39704    -4e-05
0.234797	  1.28241 -0.785862  0.000452  -2.18285  0.001703   1.39702    -4e-05
0.235797	  1.28586 -0.785857  0.000446  -2.18283  0.001682     1.397  -3.9e-05
0.236797	  1.28926 -0.785851  0.000441  -2.18282  0.001662   1.39698  -3.9e-05
0.237797	  1.29263 -0.785846  0.000436   -2.1828  0.001643   1.39697  -3.8e-05
0.238797	  1.29596 -0.785841  0.000431  -2.18278  0.001623   1.39695  -3.8e-05
0.239797	  1.29924 -0.785835  0.000425  -2.18277  0.001604   1.39694  -3.8e-05
0.240797	 1.30249 -0.78583  0.00042 -2.18275 0.001585  1.39692 -3.7e-05
0.241797	   1.3057 -0.785825  0.000415  -2.18274  0.001566   1.39691  -3.7e-05
0.242797	 1.30887 -0.78582  0.00041 -2.18272 0.001548  1.39689 -3.6e-05
0.244417	  1.31201 -0.785815  0.000405  -2.18271  0.001529   1.39688  -3.6e-05
0.245417	  1.3151 -0.78581 0.000401 -2.18269 0.001511  1.39687 -3.6e-05
0.246417	  1.31816 -0.785805  0.000396  -2.18268  0.001493   1.39685  -3.5e-05
0.247417	 1.32118  -0.7858 0.000391 -2.18266 0.001475  1.39684 -3.5e-05
0.248417	  1.32417 -0.785795  0.000386  -2.18265  0.001458   1.39682  -3.4e-05
0.249417	 1.32712 -0.78579 0.000382 -2.18263 0.001441  1.39681 -3.4e-05
0.250417	  1.33004 -0.785786  0.000377  -2.18262  0.001423    1.3968  -3.4e-05
0.251417	  1.33292 -0.785781  0.000373  -2.18261  0.001407   1.39679  -3.3e-05
0.252417	  1.33577 -0.785776  0.000368  -2.18259   0.00139   1.39678  -3.3e-05
0.253417	  1.33858 -0.785772  0.000364  -2.18258  0.001373   1.39676  -3.2e-05
0.254417	  1.34136 -0.785767   0.00036  -2.18256  0.001357   1.39675  -3.2e-05
0.255417	   1.3441 -0.785763  0.000355  -2.18255  0.001341   1.39674  -3.2e-05
0.256417	  1.34682 -0.785759  0.000351  -2.18254  0.001325   1.39673  -3.1e-05
0.257417	   1.3495 -0.785754  0.000347  -2.18253  0.001309   1.39672  -3.1e-05
0.258417	 1.35215 -0.78575 0.000343 -2.18251 0.001294  1.39671 -3.1e-05
0.259417	  1.35477 -0.785746  0.000339   -2.1825  0.001278    1.3967    -3e-05
0.260417	  1.35735 -0.785742  0.000334  -2.18249  0.001263   1.39669    -3e-05
0.261417	  1.35991 -0.785738   0.00033  -2.18248  0.001248   1.39668  -2.9e-05
0.262417	  1.36243 -0.785733  0.000327  -2.18247  0.001233   1.39667  -2.9e-05
0.263417	  1.36493 -0.785729  0.000323  -2.18246  0.001218   1.39666  -2.9e-05
0.264417	  1.36739 -0.785726  0.000319  -2.18244  0.001204   1.39665  -2.8e-05
0.265417	  1.36983 -0.785722  0.000315  -2.18243   0.00119   1.39664  -2.8e-05
0.266417	  1.37224 -0.785718  0.000311  -2.18242  0.001175   1.39663  -2.8e-05
0.267417	  1.37461 -0.785714  0.000307  -2.18241  0.001161   1.39662  -2.7e-05
0.268417	 1.37696 -0.78571 0.000304  -2.1824 0.001148  1.39662 -2.7e-05
0.269417	  1.37929 -0.785706    0.0003  -2.18239  0.001134   1.39661  -2.7e-05
0.270417	  1.38158 -0.785703  0.000297  -2.18238   0.00112    1.3966  -2.7e-05
0.271417	  1.38384 -0.785699  0.000293  -2.18237  0.001107   1.39659  -2.6e-05
0.272417	  1.38608 -0.785695  0.000289  -2.18236  0.001094   1.39658  -2.6e-05
0.273417	   1.3883 -0.785692  0.000286  -2.18235  0.001081   1.39658  -2.6e-05
0.274417	  1.39048 -0.785688  0.000283  -2.18234  0.001068   1.39657  -2.5e-05
0.275417	  1.39264 -0.785685  0.000279  -2.18233  0.001055   1.39656  -2.5e-05
0.276417	  1.39478 -0.785681  0.000276  -2.18232  0.001043   1.39656  -2.5e-05
0.277417	  1.39689 -0.785678  0.000273  -2.18231   0.00103   1.39655  -2.4e-05
0.278417	  1.39897 -0.785675  0.000269   -2.1823  0.001018   1.39654  -2.4e-05
0.279417	  1.39897 -0.785675  0.000269   -2.1823  0.001018   1.39654  -2.4e-05
0.281247	  1.40103 -0.785671  0.000266  -2.18229  0.001006   1.39654  -2.4e-05
0.282247	  1.40306 -0.785668  0.000263  -2.18229  0.000994   1.39653  -2.4e-05
0.283247	  1.40507 -0.785665   0.00026  -2.18228  0.000982   1.39652  -2.3e-05
0.284247	  1.40706 -0.785662  0.000257  -2.18227   0.00097   1.39652  -2.3e-05
0.285247	  1.40902 -0.785658  0.000254  -2.18226  0.000959   1.39651  -2.3e-05
0.286247	  1.41096 -0.785655  0.000251  -2.18225  0.000947   1.39651  -2.2e-05
0.287247	  1.41287 -0.785652  0.000248  -2.18224  0.000936    1.3965  -2.2e-05
0.288247	  1.41477 -0.785649  0.000245  -2.18223  0.000925   1.39649  -2.2e-05
0.289247	  1.41664 -0.785646  0.000242  -2.18223  0.000914   1.39649  -2.2e-05
0.290247	  1.41848 -0.785643  0.000239  -2.18222  0.000903   1.39648  -2.1e-05
0.291247	 1.42031 -0.78564 0.000236 -2.18221 0.000892  1.39648 -2.1e-05
0.292247	  1.42211 -0.785637  0.000233   -2.1822  0.000881   1.39647  -2.1e-05
0.293247	  1.42389 -0.785634   0.00023   -2.1822  0.000871   1.39647  -2.1e-05
0.294247	  1.42566 -0.785632  0.000227  -2.18219   0.00086   1.39646    -2e-05
0.295247	   1.4274 -0.785629  0.000225  -2.18218   0.00085   1.39646    -2e-05
0.296247	  1.42911 -0.785626  0.000222  -2.18217   0.00084   1.39645    -2e-05
0.297247	  1.43081 -0.785623  0.000219  -2.18217   0.00083   1.39645    -2e-05
0.298247	  1.43249 -0.785621  0.000217  -2.18216   0.00082   1.39644  -1.9e-05
0.299247	  1.43415 -0.785618  0.000214  -2.18215   0.00081   1.39644  -1.9e-05
0.300247	  1.43579 -0.785615  0.000212  -2.18215  0.000801   1.39644  -1.9e-05
0.301247	   1.4374 -0.785613  0.000209  -2.18214  0.000791   1.39643  -1.9e-05
0.302247	   1.439 -0.78561 0.000207 -2.18213 0.000782  1.39643 -1.9e-05
0.303247	  1.44058 -0.785608  0.000204  -2.18213  0.000772   1.39642  -1.8e-05
0.304247	  1.44214 -0.785605  0.000202  -2.18212  0.000763   1.39642  -1.8e-05
0.305247	  1.44369 -0.785603  0.000199  -2.18212  0.000754   1.39642  -1.8e-05
0.306247	 1.44521  -0.7856 0.000197 -2.18211 0.000745  1.39641 -1.8e-05
0.307247	  1.44672 -0.785598  0.000195   -2.1821  0.000736   1.39641  -1.8e-05
0.308247	   1.4482 -0.785595  0.000192   -2.1821  0.000727   1.39641  -1.7e-05
0.309247	  1.44967 -0.785593   0.00019  -2.18209  0.000718    1.3964  -1.7e-05
0.310247	  1.45112 -0.785591  0.000188  -2.18208   0.00071    1.3964  -1.7e-05
0.311247	  1.45256 -0.785588  0.000185  -2.18208  0.000701    1.3964  -1.7e-05
0.312247	  1.45398 -0.785586  0.000183  -2.18207  0.000693   1.39639  -1.6e-05
0.313247	  1.45538 -0.785584  0.000181  -2.18207  0.000685   1.39639  -1.6e-05
0.314247	  1.45676 -0.785581  0.000179  -2.18206  0.000677   1.39639  -1.6e-05
0.315247	  1.45813 -0.785579  0.000177  -2.18206  0.000668   1.39638  -1.6e-05
0.316247	  1.45948 -0.785577  0.000175  -2.18205   0.00066   1.39638  -1.6e-05
0.317247	  1.46081 -0.785575  0.000172  -2.18205  0.000653   1.39638  -1.6e-05
0.318247	  1.46213 -0.785573   0.00017  -2.18204  0.000645   1.39637  -1.5e-05
0.319247	  1.46344 -0.785571  0.000168  -2.18204  0.000637   1.39637  -1.5e-05
0.320247	  1.46472 -0.785569  0.000166  -2.18203  0.000629   1.39637  -1.5e-05
0.321247	  1.46599 -0.785567  0.000164  -2.18203  0.000622   1.39637  -1.5e-05
0.322247	  1.46725 -0.785565  0.000162  -2.18202  0.000614   1.39637  -1.5e-05
0.323247	  1.46849 -0.785563   0.00016  -2.18202  0.000607   1.39636  -1.4e-05
0.324247	  1.46972 -0.785561  0.000158  -2.18201    0.0006   1.39636  -1.4e-05
0.325247	  1.47093 -0.785559  0.000157  -2.18201  0.000593   1.39636  -1.4e-05
0.326247	  1.47213 -0.785557  0.000155    -2.182  0.000586   1.39636  -1.4e-05
0.327247	  1.47331 -0.785555  0.000153    -2.182  0.000579   1.39635  -1.4e-05
0.328247	  1.47448 -0.785553  0.000151  -2.18199  0.000572   1.39635  -1.4e-05
0.329247	  1.47564 -0.785551  0.000149  -2.18199  0.000565   1.39635  -1.3e-05
0.330247	  1.47678 -0.785549  0.000147  -2.18199  0.000558   1.39635  -1.3e-05
0.331247	   1.4779 -0.785547  0.000146  -2.18198  0.000551   1.39634  -1.3e-05
0.332247	  1.47902 -0.785546  0.000144  -2.18198  0.000545   1.39634  -1.3e-05
0.333247	  1.48012 -0.785544  0.000142  -2.18197  0.000538   1.39634  -1.3e-05
0.334247	  1.48121 -0.785542   0.00014  -2.18197  0.000532   1.39634  -1.3e-05
0.335247	 1.48228 -0.78554 0.000139 -2.18196 0.000525  1.39634 -1.3e-05
0.336247	  1.48439 -0.785537  0.000135  -2.18196  0.000513   1.39633  -1.2e-05
0.337247	  1.48439 -0.785537  0.000135  -2.18196  0.000513   1.39633  -1.2e-05
0.338247	  1.48542 -0.785535  0.000134  -2.18195  0.000507   1.39633  -1.2e-05
0.339247	  1.48645 -0.785534  0.000132  -2.18195  0.000501   1.39633  -1.2e-05
0.340247	  1.48746 -0.785532  0.000131  -2.18194  0.000495   1.39633  -1.2e-05
0.341247	 1.48846 -0.78553 0.000129 -2.18194 0.000489  1.39633 -1.2e-05
0.342247	  1.48945 -0.785529  0.000128  -2.18194  0.000483   1.39633  -1.2e-05
0.343247	  1.49042 -0.785527  0.000126  -2.18193  0.000477   1.39632  -1.1e-05
0.344247	  1.49234 -0.785524  0.000123  -2.18193  0.000466   1.39632  -1.1e-05
0.345247	  1.49328 -0.785523  0.000122  -2.18192   0.00046   1.39632  -1.1e-05
0.346247	  1.49328 -0.785523  0.000122  -2.18192   0.00046   1.39632  -1.1e-05
0.347247	 1.49513 -0.78552 0.000119 -2.18192 0.000449  1.39632 -1.1e-05
0.348247	 1.49513 -0.78552 0.000119 -2.18192 0.000449  1.39632 -1.1e-05
0.349247	  1.49604 -0.785518  0.000117  -2.18191  0.000444   1.39631  -1.1e-05
0.350247	  1.49693 -0.785517  0.000116  -2.18191  0.000439   1.39631    -1e-05
0.351247	  1.49782 -0.785515  0.000114  -2.18191  0.000433   1.39631    -1e-05
0.352247	   1.4987 -0.785514  0.000113   -2.1819  0.000428   1.39631    -1e-05
0.353247	  1.49956 -0.785513  0.000112   -2.1819  0.000423   1.39631    -1e-05
0.354247	  1.50042 -0.785511   0.00011   -2.1819  0.000418   1.39631    -1e-05
0.355247	 1.50126 -0.78551 0.000109 -2.18189 0.000413  1.39631   -1e-05
0.356247	  1.50209 -0.785508  0.000108  -2.18189  0.000408   1.39631    -1e-05
0.357247	  1.50292 -0.785507  0.000106  -2.18189  0.000403   1.39631    -1e-05
0.358998	  1.50373 -0.785506  0.000105  -2.18188  0.000398    1.3963    -9e-06
0.359998	  1.50533 -0.785503  0.000103  -2.18188  0.000389    1.3963    -9e-06
0.360998	  1.50533 -0.785503  0.000103  -2.18188  0.000389    1.3963    -9e-06
0.361998	  1.50612 -0.785502  0.000101  -2.18188  0.000384    1.3963    -9e-06
0.362998	  1.50689 -0.785501    0.0001  -2.18187   0.00038    1.3963    -9e-06
0.363998	  1.50842 -0.785498   9.8e-05  -2.18187  0.000371    1.3963    -9e-06
0.364998	  1.50842 -0.785498   9.8e-05  -2.18187  0.000371    1.3963    -9e-06
0.365998	  1.50991 -0.785496   9.6e-05  -2.18186  0.000362    1.3963    -9e-06
0.366998	  1.50991 -0.785496   9.6e-05  -2.18186  0.000362    1.3963    -9e-06
0.367998	  1.51136 -0.785494   9.3e-05  -2.18186  0.000353    1.3963    -8e-06
0.368998	  1.51136 -0.785494   9.3e-05  -2.18186  0.000353    1.3963    -8e-06
0.369998	  1.51278 -0.785491   9.1e-05  -2.18185  0.000345   1.39629    -8e-06
0.370998	 1.51347 -0.78549    9e-05 -2.18185 0.000341  1.39629   -8e-06
0.371998	  1.51416 -0.785489   8.9e-05  -2.18185  0.000336   1.39629    -8e-06
0.372998	  1.51484 -0.785488   8.8e-05  -2.18185  0.000332   1.39629    -8e-06
0.373998	  1.51551 -0.785487   8.7e-05  -2.18184  0.000328   1.39629    -8e-06
0.374998	  1.51618 -0.785486   8.6e-05  -2.18184  0.000324   1.39629    -8e-06
0.375998	  1.51683 -0.785485   8.5e-05  -2.18184  0.000321   1.39629    -8e-06
0.376998	  1.51748 -0.785484   8.4e-05  -2.18184  0.000317   1.39629    -8e-06
0.377998	  1.51812 -0.785483   8.3e-05  -2.18183  0.000313   1.39629    -7e-06
0.378998	  1.51876 -0.785482   8.2e-05  -2.18183  0.000309   1.39629    -7e-06
0.379998	  1.51938 -0.785481   8.1e-05  -2.18183  0.000305   1.39629    -7e-06
0.380998	    1.52 -0.78548    8e-05 -2.18183 0.000302  1.39629   -7e-06
0.381998	  1.52061 -0.785479   7.9e-05  -2.18182  0.000298   1.39629    -7e-06
0.382998	  1.52121 -0.785478   7.8e-05  -2.18182  0.000295   1.39629    -7e-06
0.383998	  1.52181 -0.785477   7.7e-05  -2.18182  0.000291   1.39628    -7e-06
0.384998	   1.5224 -0.785476   7.6e-05  -2.18182  0.000288   1.39628    -7e-06
0.385998	  1.52298 -0.785475   7.5e-05  -2.18182  0.000284   1.39628    -7e-06
0.386998	  1.52298 -0.785475   7.5e-05  -2.18182  0.000284   1.39628    -7e-06
0.388108	  1.52355 -0.785474   7.4e-05  -2.18181  0.000281   1.39628    -7e-06
0.389108	  1.52412 -0.785473   7.3e-05  -2.18181  0.000277   1.39628    -7e-06
0.390108	  1.52468 -0.785472   7.2e-05  -2.18181  0.000274   1.39628    -7e-06
0.391108	  1.52524 -0.785471   7.1e-05  -2.18181  0.000271   1.39628    -6e-06
0.392108	 1.52579 -0.78547  7.1e-05 -2.18181 0.000267  1.39628   -6e-06
0.393108	  1.52633 -0.785469     7e-05  -2.18181  0.000264   1.39628    -6e-06
0.394108	  1.52686 -0.785469   6.9e-05   -2.1818  0.000261   1.39628    -6e-06
0.395108	  1.52739 -0.785468   6.8e-05   -2.1818  0.000258   1.39628    -6e-06
0.396108	  1.52791 -0.785467   6.7e-05   -2.1818  0.000255   1.39628    -6e-06
0.397108	  1.52843 -0.785466   6.6e-05   -2.1818  0.000252   1.39628    -6e-06
0.398123	  1.52894 -0.785465   6.6e-05   -2.1818  0.000249   1.39628    -6e-06
0.399123	  1.52944 -0.785464   6.5e-05   -2.1818  0.000246   1.39628    -6e-06
0.400123	  1.52994 -0.785464   6.4e-05  -2.18179  0.000243   1.39628    -6e-06
0.401123	  1.53043 -0.785463   6.3e-05  -2.18179   0.00024   1.39628    -6e-06
0.402123	  1.53091 -0.785462   6.3e-05  -2.18179  0.000237   1.39628    -6e-06
0.403123	  1.53139 -0.785461   6.2e-05  -2.18179  0.000234   1.39628    -6e-06
0.404123	  1.53187 -0.785461   6.1e-05  -2.18179  0.000231   1.39628    -6e-06
0.405123	 1.53233 -0.78546    6e-05 -2.18179 0.000229  1.39628   -5e-06
0.406123	  1.53279 -0.785459     6e-05  -2.18178  0.000226   1.39628    -5e-06
0.407123	  1.53325 -0.785458   5.9e-05  -2.18178  0.000223   1.39628    -5e-06
0.408123	   1.5337 -0.785458   5.8e-05  -2.18178   0.00022   1.39628    -5e-06
0.409123	  1.53415 -0.785457   5.7e-05  -2.18178  0.000218   1.39627    -5e-06
0.410123	  1.53459 -0.785456   5.7e-05  -2.18178  0.000215   1.39627    -5e-06
0.411123	  1.53502 -0.785455   5.6e-05  -2.18178  0.000213   1.39627    -5e-06
0.412123	  1.53545 -0.785455   5.5e-05  -2.18178   0.00021   1.39627    -5e-06
0.413123	  1.53588 -0.785454   5.5e-05  -2.18177  0.000208   1.39627    -5e-06
0.414123	   1.5363 -0.785453   5.4e-05  -2.18177  0.000205   1.39627    -5e-06
0.415123	  1.53671 -0.785453   5.3e-05  -2.18177  0.000203   1.39627    -5e-06
0.416123	  1.53712 -0.785452   5.3e-05  -2.18177    0.0002   1.39627    -5e-06
0.417123	  1.53753 -0.785451   5.2e-05  -2.18177  0.000198   1.39627    -5e-06
0.418123	  1.53792 -0.785451   5.2e-05  -2.18177  0.000195   1.39627    -5e-06
0.419123	 1.53832 -0.78545  5.1e-05 -2.18176 0.000193  1.39627   -5e-06
0.420123	 1.53871 -0.78545    5e-05 -2.18176 0.000191  1.39627   -5e-06
0.421123	   1.5391 -0.785449     5e-05  -2.18176  0.000188   1.39627    -4e-06
0.422139	  1.53948 -0.785448   4.9e-05  -2.18176  0.000186   1.39627    -4e-06
0.423139	  1.53985 -0.785448   4.9e-05  -2.18176  0.000184   1.39627    -4e-06
0.424139	  1.54022 -0.785447   4.8e-05  -2.18176  0.000182   1.39627    -4e-06
0.425139	  1.54059 -0.785447   4.7e-05  -2.18176   0.00018   1.39627    -4e-06
0.426139	  1.54095 -0.785446   4.7e-05  -2.18176  0.000177   1.39627    -4e-06
0.427139	  1.54131 -0.785445   4.6e-05  -2.18176  0.000175   1.39627    -4e-06
0.428139	  1.54167 -0.785445   4.6e-05  -2.18175  0.000173   1.39627    -4e-06
0.429139	  1.54202 -0.785444   4.5e-05  -2.18175  0.000171   1.39627    -4e-06
0.430139	  1.54236 -0.785444   4.5e-05  -2.18175  0.000169   1.39627    -4e-06
0.431139	   1.5427 -0.785443   4.4e-05  -2.18175  0.000167   1.39627    -4e-06
0.432139	  1.54304 -0.785443   4.4e-05  -2.18175  0.000165   1.39627    -4e-06
0.433139	  1.54337 -0.785442   4.3e-05  -2.18175  0.000163   1.39627    -4e-06
0.434139	   1.5437 -0.785442   4.2e-05  -2.18175  0.000161   1.39627    -4e-06
0.435139	  1.54403 -0.785441   4.2e-05  -2.18175  0.000159   1.39627    -4e-06
0.436139	  1.54435 -0.785441   4.1e-05  -2.18175  0.000157   1.39627    -4e-06
0.437139	 1.54467 -0.78544  4.1e-05 -2.18174 0.000155  1.39627   -4e-06
0.438139	 1.54498 -0.78544    4e-05 -2.18174 0.000153  1.39627   -4e-06
0.439139	  1.54529 -0.785439     4e-05  -2.18174  0.000152   1.39627    -4e-06
0.440139	   1.5456 -0.785439     4e-05  -2.18174   0.00015   1.39627    -4e-06
0.441139	   1.5459 -0.785438   3.9e-05  -2.18174  0.000148   1.39627    -4e-06
0.442139	   1.5462 -0.785438   3.9e-05  -2.18174  0.000146   1.39627    -3e-06
0.443139	  1.54649 -0.785437   3.8e-05  -2.18174  0.000144   1.39627    -3e-06
0.444139	  1.54678 -0.785437   3.8e-05  -2.18174  0.000143   1.39627    -3e-06
0.445139	  1.54707 -0.785436   3.7e-05  -2.18174  0.000141   1.39627    -3e-06
0.446139	  1.54736 -0.785436   3.7e-05  -2.18174  0.000139   1.39627    -3e-06
0.447139	  1.54764 -0.785435   3.6e-05  -2.18174  0.000138   1.39627    -3e-06
0.448139	  1.54792 -0.785435   3.6e-05  -2.18173  0.000136   1.39627    -3e-06
0.449139	  1.54819 -0.785434   3.5e-05  -2.18173  0.000134   1.39627    -3e-06
0.450139	  1.54846 -0.785434   3.5e-05  -2.18173  0.000133   1.39627    -3e-06
0.451139	  1.54873 -0.785433   3.5e-05  -2.18173  0.000131   1.39627    -3e-06
0.452139	  1.54899 -0.785433   3.4e-05  -2.18173   0.00013   1.39627    -3e-06
0.453139	  1.54926 -0.785433   3.4e-05  -2.18173  0.000128   1.39627    -3e-06
0.454139	  1.54951 -0.785432   3.3e-05  -2.18173  0.000127   1.39627    -3e-06
0.455139	  1.54977 -0.785432   3.3e-05  -2.18173  0.000125   1.39627    -3e-06
0.456139	  1.55002 -0.785431   3.3e-05  -2.18173  0.000123   1.39627    -3e-06
0.457139	  1.55027 -0.785431   3.2e-05  -2.18173  0.000122   1.39627    -3e-06
0.458139	  1.55052 -0.785431   3.2e-05  -2.18173  0.000121   1.39627    -3e-06
0.459139	 1.55076 -0.78543  3.1e-05 -2.18173 0.000119  1.39627   -3e-06
0.460139	   1.551 -0.78543  3.1e-05 -2.18172 0.000118  1.39627   -3e-06
0.461139	  1.55124 -0.785429   3.1e-05  -2.18172  0.000116   1.39627    -3e-06
0.462139	  1.55147 -0.785429     3e-05  -2.18172  0.000115   1.39627    -3e-06
0.463139	  1.55171 -0.785429     3e-05  -2.18172  0.000113   1.39627    -3e-06
0.464139	  1.55194 -0.785428     3e-05  -2.18172  0.000112   1.39627    -3e-06
0.465139	  1.55216 -0.785428   2.9e-05  -2.18172  0.000111   1.39627    -3e-06
0.466139	  1.55239 -0.785428   2.9e-05  -2.18172  0.000109   1.39627    -3e-06
0.467139	  1.55261 -0.785427   2.9e-05  -2.18172  0.000108   1.39627    -3e-06
0.468139	  1.55283 -0.785427   2.8e-05  -2.18172  0.000107   1.39627    -3e-06
0.469139	  1.55304 -0.785427   2.8e-05  -2.18172  0.000106   1.39627    -3e-06
0.470139	  1.55326 -0.785426   2.7e-05  -2.18172  0.000104   1.39627    -2e-06
0.471139	  1.55347 -0.785426   2.7e-05  -2.18172  0.000103   1.39627    -2e-06
0.472139	  1.55367 -0.785426   2.7e-05  -2.18172  0.000102   1.39627    -2e-06
0.473139	  1.55388 -0.785425   2.7e-05  -2.18172  0.000101   1.39627    -2e-06
0.474139	  1.55408 -0.785425   2.6e-05  -2.18171   9.9e-05   1.39627    -2e-06
0.475139	  1.55428 -0.785425   2.6e-05  -2.18171   9.8e-05   1.39627    -2e-06
0.476139	  1.55448 -0.785424   2.6e-05  -2.18171   9.7e-05   1.39627    -2e-06
0.477139	  1.55468 -0.785424   2.5e-05  -2.18171   9.6e-05   1.39627    -2e-06
0.478139	  1.55487 -0.785424   2.5e-05  -2.18171   9.5e-05   1.39627    -2e-06
0.479139	  1.55506 -0.785423   2.5e-05  -2.18171   9.4e-05   1.39627    -2e-06
0.480139	  1.55525 -0.785423   2.4e-05  -2.18171   9.2e-05   1.39627    -2e-06
0.481139	  1.55544 -0.785423   2.4e-05  -2.18171   9.1e-05   1.39627    -2e-06
0.482139	  1.55563 -0.785422   2.4e-05  -2.18171     9e-05   1.39627    -2e-06
0.483139	  1.55581 -0.785422   2.3e-05  -2.18171   8.9e-05   1.39627    -2e-06
0.484139	  1.55599 -0.785422   2.3e-05  -2.18171   8.8e-05   1.39627    -2e-06
0.485139	  1.55617 -0.785422   2.3e-05  -2.18171   8.7e-05   1.39627    -2e-06
0.486139	  1.55634 -0.785421   2.3e-05  -2.18171   8.6e-05   1.39627    -2e-06
0.487139	  1.55652 -0.785421   2.2e-05  -2.18171   8.5e-05   1.39627    -2e-06
0.488139	  1.55669 -0.785421   2.2e-05  -2.18171   8.4e-05   1.39627    -2e-06
0.489139	 1.55686 -0.78542  2.2e-05 -2.18171  8.3e-05  1.39627   -2e-06
0.490139	 1.55703 -0.78542  2.2e-05 -2.18171  8.2e-05  1.39627   -2e-06
0.491139	 1.55719 -0.78542  2.1e-05  -2.1817  8.1e-05  1.39627   -2e-06
0.492139	 1.55736 -0.78542  2.1e-05  -2.1817    8e-05  1.39627   -2e-06
0.493139	 1.55736 -0.78542  2.1e-05  -2.1817    8e-05  1.39627   -2e-06
0.494251	  1.55752 -0.785419   2.1e-05   -2.1817   7.9e-05   1.39627    -2e-06
0.495251	  1.55768 -0.785419   2.1e-05   -2.1817   7.8e-05   1.39627    -2e-06
0.496251	  1.55784 -0.785419     2e-05   -2.1817   7.7e-05   1.39627    -2e-06
0.497251	  1.55799 -0.785419     2e-05   -2.1817   7.6e-05   1.39627    -2e-06
0.498251	  1.55814 -0.785418     2e-05   -2.1817   7.5e-05   1.39627    -2e-06
0.499251	   1.5583 -0.785418     2e-05   -2.1817   7.4e-05   1.39627    -2e-06
0.500251	  1.55845 -0.785418   1.9e-05   -2.1817   7.3e-05   1.39627    -2e-06
0.501251	   1.5586 -0.785418   1.9e-05   -2.1817   7.3e-05   1.39627    -2e-06
0.502251	  1.55889 -0.785417   1.9e-05   -2.1817   7.1e-05   1.39626    -2e-06
0.503251	  1.55903 -0.785417   1.8e-05   -2.1817     7e-05   1.39626    -2e-06
0.504251	  1.55917 -0.785417   1.8e-05   -2.1817   6.9e-05   1.39626    -2e-06
0.505251	  1.55931 -0.785417   1.8e-05   -2.1817   6.8e-05   1.39626    -2e-06
0.506251	  1.55945 -0.785416   1.8e-05   -2.1817   6.7e-05   1.39626    -2e-06
0.507251	  1.55959 -0.785416   1.8e-05   -2.1817   6.7e-05   1.39626    -2e-06
0.508251	  1.55972 -0.785416   1.7e-05   -2.1817   6.6e-05   1.39626    -2e-06
0.509251	  1.55985 -0.785416   1.7e-05   -2.1817   6.5e-05   1.39626    -2e-06
0.510251	  1.55999 -0.785415   1.7e-05  -2.18169   6.4e-05   1.39626    -2e-06
0.511251	  1.55999 -0.785415   1.7e-05  -2.18169   6.4e-05   1.39626    -2e-06
0.512251	  1.56025 -0.785415   1.7e-05  -2.18169   6.3e-05   1.39626    -1e-06
0.513251	  1.56037 -0.785415   1.6e-05  -2.18169   6.2e-05   1.39626    -1e-06
0.514251	  1.56037 -0.785415   1.6e-05  -2.18169   6.2e-05   1.39626    -1e-06
0.515251	   1.5605 -0.785415   1.6e-05  -2.18169   6.1e-05   1.39626    -1e-06
0.516251	  1.56074 -0.785414   1.6e-05  -2.18169     6e-05   1.39626    -1e-06
0.517251	  1.56074 -0.785414   1.6e-05  -2.18169     6e-05   1.39626    -1e-06
0.518251	  1.56099 -0.785414   1.5e-05  -2.18169   5.8e-05   1.39626    -1e-06
0.519251	  1.56099 -0.785414   1.5e-05  -2.18169   5.8e-05   1.39626    -1e-06
0.520251	   1.5611 -0.785414   1.5e-05  -2.18169   5.8e-05   1.39626    -1e-06
0.521251	  1.56122 -0.785413   1.5e-05  -2.18169   5.7e-05   1.39626    -1e-06
0.522251	  1.56133 -0.785413   1.5e-05  -2.18169   5.6e-05   1.39626    -1e-06
0.523251	  1.56156 -0.785413   1.4e-05  -2.18169   5.5e-05   1.39626    -1e-06
0.524727	  1.56156 -0.785413   1.4e-05  -2.18169   5.5e-05   1.39626    -1e-06
0.525727	  1.56167 -0.785413   1.4e-05  -2.18169   5.4e-05   1.39626    -1e-06
0.526727	  1.56178 -0.785413   1.4e-05  -2.18169   5.4e-05   1.39626    -1e-06
0.527727	  1.56189 -0.785412   1.4e-05  -2.18169   5.3e-05   1.39626    -1e-06
0.528727	    1.562 -0.785412   1.4e-05  -2.18169   5.2e-05   1.39626    -1e-06
0.529727	   1.5621 -0.785412   1.4e-05  -2.18169   5.2e-05   1.39626    -1e-06
0.530727	  1.56221 -0.785412   1.3e-05  -2.18169   5.1e-05   1.39626    -1e-06
0.531727	  1.56231 -0.785412   1.3e-05  -2.18169     5e-05   1.39626    -1e-06
0.532727	  1.56241 -0.785412   1.3e-05  -2.18169     5e-05   1.39626    -1e-06
0.533727	  1.56251 -0.785411   1.3e-05  -2.18169   4.9e-05   1.39626    -1e-06
0.534958	  1.56261 -0.785411   1.3e-05  -2.18169   4.9e-05   1.39626    -1e-06
0.535958	  1.56271 -0.785411   1.3e-05  -2.18169   4.8e-05   1.39626    -1e-06
0.536958	  1.56281 -0.785411   1.3e-05  -2.18169   4.8e-05   1.39626    -1e-06
0.537958	   1.5629 -0.785411   1.2e-05  -2.18169   4.7e-05   1.39626    -1e-06
0.538958	    1.563 -0.785411   1.2e-05  -2.18169   4.6e-05   1.39626    -1e-06
0.539958	 1.56309 -0.78541  1.2e-05 -2.18168  4.6e-05  1.39626   -1e-06
0.540958	 1.56319 -0.78541  1.2e-05 -2.18168  4.5e-05  1.39626   -1e-06
0.541958	 1.56328 -0.78541  1.2e-05 -2.18168  4.5e-05  1.39626   -1e-06
0.542958	 1.56337 -0.78541  1.2e-05 -2.18168  4.4e-05  1.39626   -1e-06
0.543958	 1.56346 -0.78541  1.2e-05 -2.18168  4.4e-05  1.39626   -1e-06
0.544958	 1.56355 -0.78541  1.1e-05 -2.18168  4.3e-05  1.39626   -1e-06
0.545958	 1.56363 -0.78541  1.1e-05 -2.18168  4.3e-05  1.39626   -1e-06
0.546958	  1.56372 -0.785409   1.1e-05  -2.18168   4.2e-05   1.39626    -1e-06
0.547958	   1.5638 -0.785409   1.1e-05  -2.18168   4.2e-05   1.39626    -1e-06
0.548958	  1.56389 -0.785409   1.1e-05  -2.18168   4.1e-05   1.39626    -1e-06
0.549958	  1.56397 -0.785409   1.1e-05  -2.18168   4.1e-05   1.39626    -1e-06
0.550958	  1.56405 -0.785409   1.1e-05  -2.18168     4e-05   1.39626    -1e-06
0.551958	  1.56413 -0.785409     1e-05  -2.18168     4e-05   1.39626    -1e-06
0.552958	  1.56421 -0.785409     1e-05  -2.18168   3.9e-05   1.39626    -1e-06
0.553958	  1.56429 -0.785409     1e-05  -2.18168   3.9e-05   1.39626    -1e-06
0.554958	  1.56437 -0.785408     1e-05  -2.18168   3.8e-05   1.39626    -1e-06
0.555958	  1.56445 -0.785408     1e-05  -2.18168   3.8e-05   1.39626    -1e-06
0.556958	  1.56452 -0.785408     1e-05  -2.18168   3.7e-05   1.39626    -1e-06
0.557958	   1.5646 -0.785408     1e-05  -2.18168   3.7e-05   1.39626    -1e-06
0.558958	  1.56468 -0.785408     1e-05  -2.18168   3.6e-05   1.39626    -1e-06
0.559958	  1.56475 -0.785408     9e-06  -2.18168   3.6e-05   1.39626    -1e-06
0.560958	  1.56482 -0.785408     9e-06  -2.18168   3.6e-05   1.39626    -1e-06
0.561958	  1.56489 -0.785408     9e-06  -2.18168   3.5e-05   1.39626    -1e-06
0.562977	  1.56496 -0.785407     9e-06  -2.18168   3.5e-05   1.39626    -1e-06
0.564315	  1.56503 -0.785407     9e-06  -2.18168   3.4e-05   1.39626    -1e-06
0.565315	   1.5651 -0.785407     9e-06  -2.18168   3.4e-05   1.39626    -1e-06
0.566315	  1.56517 -0.785407     9e-06  -2.18168   3.3e-05   1.39626    -1e-06
0.567315	  1.56524 -0.785407     9e-06  -2.18168   3.3e-05   1.39626    -1e-06
0.568315	  1.56531 -0.785407     9e-06  -2.18168   3.3e-05   1.39626    -1e-06
0.569315	  1.56537 -0.785407     9e-06  -2.18168   3.2e-05   1.39626    -1e-06
0.570315	  1.56544 -0.785407     8e-06  -2.18168   3.2e-05   1.39626    -1e-06
0.571315	   1.5655 -0.785407     8e-06  -2.18168   3.1e-05   1.39626    -1e-06
0.572315	  1.56557 -0.785407     8e-06  -2.18168   3.1e-05   1.39626    -1e-06
0.573315	  1.56563 -0.785406     8e-06  -2.18168   3.1e-05   1.39626    -1e-06
0.574315	  1.56569 -0.785406     8e-06  -2.18168     3e-05   1.39626    -1e-06
0.575315	  1.56575 -0.785406     8e-06  -2.18168     3e-05   1.39626    -1e-06
0.576315	  1.56581 -0.785406     8e-06  -2.18168     3e-05   1.39626    -1e-06
0.577315	  1.56587 -0.785406     8e-06  -2.18168   2.9e-05   1.39626    -1e-06
0.578315	  1.56593 -0.785406     8e-06  -2.18168   2.9e-05   1.39626    -1e-06
0.579315	  1.56599 -0.785406     8e-06  -2.18168   2.9e-05   1.39626    -1e-06
0.580315	  1.56605 -0.785406     7e-06  -2.18168   2.8e-05   1.39626    -1e-06
0.581315	   1.5661 -0.785406     7e-06  -2.18168   2.8e-05   1.39626    -1e-06
0.582315	  1.56616 -0.785406     7e-06  -2.18168   2.8e-05   1.39626    -1e-06
0.583315	  1.56622 -0.785405     7e-06  -2.18168   2.7e-05   1.39626    -1e-06
0.584315	  1.56627 -0.785405     7e-06  -2.18168   2.7e-05   1.39626    -1e-06
0.585315	  1.56632 -0.785405     7e-06  -2.18167   2.7e-05   1.39626    -1e-06
0.586315	  1.56638 -0.785405     7e-06  -2.18167   2.6e-05   1.39626    -1e-06
0.587315	  1.56643 -0.785405     7e-06  -2.18167   2.6e-05   1.39626    -1e-06
0.588315	  1.56648 -0.785405     7e-06  -2.18167   2.6e-05   1.39626    -1e-06
0.589315	  1.56654 -0.785405     7e-06  -2.18167   2.5e-05   1.39626    -1e-06
0.590315	  1.56659 -0.785405     7e-06  -2.18167   2.5e-05   1.39626    -1e-06
0.591315	  1.56664 -0.785405     7e-06  -2.18167   2.5e-05   1.39626    -1e-06
0.592315	  1.56669 -0.785405     6e-06  -2.18167   2.4e-05   1.39626    -1e-06
0.593315	  1.56674 -0.785405     6e-06  -2.18167   2.4e-05   1.39626    -1e-06
0.594315	  1.56679 -0.785405     6e-06  -2.18167   2.4e-05   1.39626    -1e-06
0.595315	  1.56683 -0.785404     6e-06  -2.18167   2.4e-05   1.39626    -1e-06
0.596315	  1.56688 -0.785404     6e-06  -2.18167   2.3e-05   1.39626    -1e-06
0.597315	  1.56693 -0.785404     6e-06  -2.18167   2.3e-05   1.39626    -1e-06
0.598315	  1.56697 -0.785404     6e-06  -2.18167   2.3e-05   1.39626    -1e-06
0.599315	  1.56702 -0.785404     6e-06  -2.18167   2.2e-05   1.39626    -1e-06
0.600315	  1.56707 -0.785404     6e-06  -2.18167   2.2e-05   1.39626        -0
0.601315	  1.56711 -0.785404     6e-06  -2.18167   2.2e-05   1.39626        -0
0.602315	  1.56716 -0.785404     6e-06  -2.18167   2.2e-05   1.39626        -0
0.603315	   1.5672 -0.785404     6e-06  -2.18167   2.1e-05   1.39626        -0
0.604315	  1.56724 -0.785404     6e-06  -2.18167   2.1e-05   1.39626        -0
0.605315	  1.56728 -0.785404     5e-06  -2.18167   2.1e-05   1.39626        -0
0.606315	  1.56733 -0.785404     5e-06  -2.18167   2.1e-05   1.39626        -0
0.607315	  1.56737 -0.785404     5e-06  -2.18167     2e-05   1.39626        -0
0.608315	  1.56741 -0.785404     5e-06  -2.18167     2e-05   1.39626        -0
0.609315	  1.56745 -0.785404     5e-06  -2.18167     2e-05   1.39626        -0
0.610315	  1.56749 -0.785403     5e-06  -2.18167     2e-05   1.39626        -0
0.611315	  1.56753 -0.785403     5e-06  -2.18167   1.9e-05   1.39626        -0
0.612315	  1.56757 -0.785403     5e-06  -2.18167   1.9e-05   1.39626        -0
0.613315	  1.56761 -0.785403     5e-06  -2.18167   1.9e-05   1.39626        -0
0.614315	  1.56765 -0.785403     5e-06  -2.18167   1.9e-05   1.39626        -0
0.615315	  1.56768 -0.785403     5e-06  -2.18167   1.9e-05   1.39626        -0
0.616315	  1.56772 -0.785403     5e-06  -2.18167   1.8e-05   1.39626        -0
0.617315	  1.56776 -0.785403     5e-06  -2.18167   1.8e-05   1.39626        -0
0.618315	  1.56779 -0.785403     5e-06  -2.18167   1.8e-05   1.39626        -0
0.619315	  1.56783 -0.785403     5e-06  -2.18167   1.8e-05   1.39626        -0
0.620315	  1.56787 -0.785403     5e-06  -2.18167   1.7e-05   1.39626        -0
0.621315	   1.5679 -0.785403     5e-06  -2.18167   1.7e-05   1.39626        -0
0.622315	  1.56794 -0.785403     4e-06  -2.18167   1.7e-05   1.39626        -0
0.623315	  1.56797 -0.785403     4e-06  -2.18167   1.7e-05   1.39626        -0
0.624315	    1.568 -0.785403     4e-06  -2.18167   1.7e-05   1.39626        -0
0.625315	  1.56804 -0.785403     4e-06  -2.18167   1.6e-05   1.39626        -0
0.626315	  1.56807 -0.785403     4e-06  -2.18167   1.6e-05   1.39626        -0
0.627315	   1.5681 -0.785402     4e-06  -2.18167   1.6e-05   1.39626        -0
0.628315	  1.56814 -0.785402     4e-06  -2.18167   1.6e-05   1.39626        -0
0.629315	  1.56817 -0.785402     4e-06  -2.18167   1.6e-05   1.39626        -0
0.630315	   1.5682 -0.785402     4e-06  -2.18167   1.5e-05   1.39626        -0
0.631315	  1.56823 -0.785402     4e-06  -2.18167   1.5e-05   1.39626        -0
0.632315	  1.56826 -0.785402     4e-06  -2.18167   1.5e-05   1.39626        -0
0.634186	  1.56829 -0.785402     4e-06  -2.18167   1.5e-05   1.39626        -0
0.635186	  1.56832 -0.785402     4e-06  -2.18167   1.5e-05   1.39626        -0
0.636186	  1.56835 -0.785402     4e-06  -2.18167   1.5e-05   1.39626        -0
0.637186	  1.56838 -0.785402     4e-06  -2.18167   1.4e-05   1.39626        -0
0.638186	  1.56841 -0.785402     4e-06  -2.18167   1.4e-05   1.39626        -0
0.639186	  1.56844 -0.785402     4e-06  -2.18167   1.4e-05   1.39626        -0
0.640186	  1.56847 -0.785402     4e-06  -2.18167   1.4e-05   1.39626        -0
0.641186	  1.56849 -0.785402     4e-06  -2.18167   1.4e-05   1.39626        -0
0.642186	  1.56852 -0.785402     4e-06  -2.18167   1.4e-05   1.39626        -0
0.643186	  1.56855 -0.785402     4e-06  -2.18167   1.3e-05   1.39626        -0
0.644186	  1.56858 -0.785402     3e-06  -2.18167   1.3e-05   1.39626        -0
0.645186	   1.5686 -0.785402     3e-06  -2.18167   1.3e-05   1.39626        -0
0.646186	  1.56863 -0.785402     3e-06  -2.18167   1.3e-05   1.39626        -0
0.647186	  1.56865 -0.785402     3e-06  -2.18167   1.3e-05   1.39626        -0
0.648186	  1.56868 -0.785402     3e-06  -2.18167   1.3e-05   1.39626        -0
0.649186	  1.56871 -0.785401     3e-06  -2.18167   1.2e-05   1.39626        -0
0.650186	  1.56873 -0.785401     3e-06  -2.18167   1.2e-05   1.39626        -0
0.651186	  1.56876 -0.785401     3e-06  -2.18167   1.2e-05   1.39626        -0
0.652186	  1.56878 -0.785401     3e-06  -2.18167   1.2e-05   1.39626        -0
0.653186	  1.56881 -0.785401     3e-06  -2.18167   1.2e-05   1.39626        -0
0.654186	  1.56883 -0.785401     3e-06  -2.18167   1.2e-05   1.39626        -0
0.655186	  1.56885 -0.785401     3e-06  -2.18167   1.2e-05   1.39626        -0
0.656186	  1.56888 -0.785401     3e-06  -2.18167   1.1e-05   1.39626        -0
0.657186	   1.5689 -0.785401     3e-06  -2.18167   1.1e-05   1.39626        -0
0.658186	  1.56892 -0.785401     3e-06  -2.18167   1.1e-05   1.39626        -0
0.659186	  1.56894 -0.785401     3e-06  -2.18167   1.1e-05   1.39626        -0
0.660186	  1.56897 -0.785401     3e-06  -2.18167   1.1e-05   1.39626        -0
0.661186	  1.56899 -0.785401     3e-06  -2.18167   1.1e-05   1.39626        -0
0.662186	  1.56901 -0.785401     3e-06  -2.18167   1.1e-05   1.39626        -0
0.663186	  1.56903 -0.785401     3e-06  -2.18167     1e-05   1.39626        -0
0.664186	  1.56905 -0.785401     3e-06  -2.18167     1e-05   1.39626        -0
0.665406	  1.56907 -0.785401     3e-06  -2.18167     1e-05   1.39626        -0
0.666406	  1.56909 -0.785401     3e-06  -2.18167     1e-05   1.39626        -0
0.667406	  1.56911 -0.785401     3e-06  -2.18167     1e-05   1.39626        -0
0.668406	  1.56913 -0.785401     3e-06  -2.18167     1e-05   1.39626        -0
0.669406	  1.56915 -0.785401     3e-06  -2.18167     1e-05   1.39626        -0
0.670406	  1.56917 -0.785401     3e-06  -2.18167     1e-05   1.39626        -0
0.671406	  1.56919 -0.785401     3e-06  -2.18167     1e-05   1.39626        -0
0.672406	  1.56921 -0.785401     2e-06  -2.18167     9e-06   1.39626        -0
0.673406	  1.56923 -0.785401     2e-06  -2.18167     9e-06   1.39626        -0
0.674406	  1.56925 -0.785401     2e-06  -2.18167     9e-06   1.39626        -0
0.675406	  1.56927 -0.785401     2e-06  -2.18167     9e-06   1.39626        -0
0.676406	  1.56929 -0.785401     2e-06  -2.18167     9e-06   1.39626        -0
0.677406	  1.56931 -0.785401     2e-06  -2.18167     9e-06   1.39626        -0
0.678406	  1.56932 -0.785401     2e-06  -2.18167     9e-06   1.39626        -0
0.679406	 1.56934  -0.7854    2e-06 -2.18167    9e-06  1.39626       -0
0.680406	 1.56936  -0.7854    2e-06 -2.18167    9e-06  1.39626       -0
0.681406	 1.56938  -0.7854    2e-06 -2.18167    8e-06  1.39626       -0
0.682406	 1.56939  -0.7854    2e-06 -2.18167    8e-06  1.39626       -0
0.683406	 1.56941  -0.7854    2e-06 -2.18167    8e-06  1.39626       -0
0.684406	 1.56943  -0.7854    2e-06 -2.18167    8e-06  1.39626       -0
0.685406	 1.56944  -0.7854    2e-06 -2.18167    8e-06  1.39626       -0
0.686406	 1.56946  -0.7854    2e-06 -2.18167    8e-06  1.39626       -0
0.687406	 1.56947  -0.7854    2e-06 -2.18167    8e-06  1.39626       -0
0.688406	 1.56949  -0.7854    2e-06 -2.18167    8e-06  1.39626       -0
0.689406	 1.56951  -0.7854    2e-06 -2.18167    8e-06  1.39626       -0
0.690406	 1.56952  -0.7854    2e-06 -2.18167    8e-06  1.39626       -0
0.691406	 1.56954  -0.7854    2e-06 -2.18167    7e-06  1.39626       -0
0.692406	 1.56955  -0.7854    2e-06 -2.18167    7e-06  1.39626       -0
0.693406	 1.56957  -0.7854    2e-06 -2.18167    7e-06  1.39626       -0
0.694406	 1.56958  -0.7854    2e-06 -2.18167    7e-06  1.39626       -0
0.695406	  1.5696  -0.7854    2e-06 -2.18167    7e-06  1.39626       -0
0.696406	 1.56961  -0.7854    2e-06 -2.18167    7e-06  1.39626       -0
0.697406	 1.56963  -0.7854    2e-06 -2.18167    7e-06  1.39626       -0
0.698406	 1.56964  -0.7854    2e-06 -2.18167    7e-06  1.39626       -0
0.699406	 1.56965  -0.7854    2e-06 -2.18167    7e-06  1.39626       -0
0.700406	 1.56967  -0.7854    2e-06 -2.18167    7e-06  1.39626       -0
0.701406	 1.56968  -0.7854    2e-06 -2.18167    7e-06  1.39626       -0
0.702406	 1.56969  -0.7854    2e-06 -2.18167    7e-06  1.39626       -0
0.703406	 1.56971  -0.7854    2e-06 -2.18167    6e-06  1.39626       -0
0.704406	 1.56972  -0.7854    2e-06 -2.18167    6e-06  1.39626       -0
0.706255	 1.56973  -0.7854    2e-06 -2.18167    6e-06  1.39626       -0
0.707255	 1.56975  -0.7854    2e-06 -2.18167    6e-06  1.39626       -0
0.708255	 1.56976  -0.7854    2e-06 -2.18167    6e-06  1.39626       -0
0.709255	 1.56977  -0.7854    2e-06 -2.18167    6e-06  1.39626       -0
0.710255	 1.56978  -0.7854    2e-06 -2.18167    6e-06  1.39626       -0
0.711255	  1.5698  -0.7854    2e-06 -2.18167    6e-06  1.39626       -0
0.712255	 1.56981  -0.7854    2e-06 -2.18167    6e-06  1.39626       -0
0.713255	 1.56982  -0.7854    2e-06 -2.18167    6e-06  1.39626       -0
0.714255	 1.56983  -0.7854    2e-06 -2.18167    6e-06  1.39626       -0
0.715255	 1.56984  -0.7854    1e-06 -2.18166    6e-06  1.39626       -0
0.716255	 1.56985  -0.7854    1e-06 -2.18166    6e-06  1.39626       -0
0.717255	 1.56987  -0.7854    1e-06 -2.18166    6e-06  1.39626       -0
0.718255	 1.56988  -0.7854    1e-06 -2.18166    5e-06  1.39626       -0
0.719255	 1.56989  -0.7854    1e-06 -2.18166    5e-06  1.39626       -0
0.720255	  1.5699  -0.7854    1e-06 -2.18166    5e-06  1.39626       -0
0.721255	 1.56991  -0.7854    1e-06 -2.18166    5e-06  1.39626       -0
0.722255	 1.56992  -0.7854    1e-06 -2.18166    5e-06  1.39626       -0
0.723255	 1.56993  -0.7854    1e-06 -2.18166    5e-06  1.39626       -0
0.724255	 1.56994  -0.7854    1e-06 -2.18166    5e-06  1.39626       -0
0.725255	 1.56995  -0.7854    1e-06 -2.18166    5e-06  1.39626       -0
0.726255	  1.56996 -0.785399     1e-06  -2.18166     5e-06   1.39626        -0
0.727255	  1.56997 -0.785399     1e-06  -2.18166     5e-06   1.39626        -0
0.728255	  1.56998 -0.785399     1e-06  -2.18166     5e-06   1.39626        -0
0.729255	  1.56999 -0.785399     1e-06  -2.18166     5e-06   1.39626        -0
0.730255	     1.57 -0.785399     1e-06  -2.18166     5e-06   1.39626        -0
0.731255	  1.57001 -0.785399     1e-06  -2.18166     5e-06   1.39626        -0
0.732255	  1.57002 -0.785399     1e-06  -2.18166     5e-06   1.39626        -0
0.733255	  1.57003 -0.785399     1e-06  -2.18166     5e-06   1.39626        -0
0.734255	  1.57004 -0.785399     1e-06  -2.18166     5e-06   1.39626        -0
0.735255	  1.57005 -0.785399     1e-06  -2.18166     4e-06   1.39626        -0
0.736255	  1.57006 -0.785399     1e-06  -2.18166     4e-06   1.39626        -0
0.737255	  1.57007 -0.785399     1e-06  -2.18166     4e-06   1.39626        -0
0.738255	  1.57007 -0.785399     1e-06  -2.18166     4e-06   1.39626        -0
0.739255	  1.57008 -0.785399     1e-06  -2.18166     4e-06   1.39626        -0
0.740255	  1.57009 -0.785399     1e-06  -2.18166     4e-06   1.39626        -0
0.741255	   1.5701 -0.785399     1e-06  -2.18166     4e-06   1.39626        -0
0.742255	   1.5701 -0.785399     1e-06  -2.18166     4e-06   1.39626        -0
0.743462	  1.57011 -0.785399     1e-06  -2.18166     4e-06   1.39626        -0
0.744462	  1.57012 -0.785399     1e-06  -2.18166     4e-06   1.39626        -0
0.745462	  1.57012 -0.785399     1e-06  -2.18166     4e-06   1.39626        -0
0.746462	  1.57014 -0.785399     1e-06  -2.18166     4e-06   1.39626        -0
0.747462	  1.57015 -0.785399     1e-06  -2.18166     4e-06   1.39626        -0
0.748462	  1.57015 -0.785399     1e-06  -2.18166     4e-06   1.39626        -0
0.749462	  1.57016 -0.785399     1e-06  -2.18166     4e-06   1.39626        -0
0.750462	  1.57016 -0.785399     1e-06  -2.18166     4e-06   1.39626        -0
0.751462	  1.57017 -0.785399     1e-06  -2.18166     4e-06   1.39626        -0
0.752462	  1.57018 -0.785399     1e-06  -2.18166     4e-06   1.39626        -0
0.753462	  1.57019 -0.785399     1e-06  -2.18166     4e-06   1.39626        -0
0.754462	  1.57019 -0.785399     1e-06  -2.18166     4e-06   1.39626        -0
0.755462	   1.5702 -0.785399     1e-06  -2.18166     4e-06   1.39626        -0
0.756462	  1.57021 -0.785399     1e-06  -2.18166     3e-06   1.39626        -0
0.757462	  1.57021 -0.785399     1e-06  -2.18166     3e-06   1.39626        -0
0.758462	  1.57022 -0.785399     1e-06  -2.18166     3e-06   1.39626        -0
0.759462	  1.57023 -0.785399     1e-06  -2.18166     3e-06   1.39626        -0
0.760462	  1.57024 -0.785399     1e-06  -2.18166     3e-06   1.39626        -0
0.761462	  1.57025 -0.785399     1e-06  -2.18166     3e-06   1.39626        -0
0.762462	  1.57025 -0.785399     1e-06  -2.18166     3e-06   1.39626        -0
0.763462	  1.57025 -0.785399     1e-06  -2.18166     3e-06   1.39626        -0
0.764462	  1.57027 -0.785399     1e-06  -2.18166     3e-06   1.39626        -0
0.765462	  1.57027 -0.785399     1e-06  -2.18166     3e-06   1.39626        -0
0.766462	  1.57028 -0.785399     1e-06  -2.18166     3e-06   1.39626        -0
0.767462	  1.57028 -0.785399     1e-06  -2.18166     3e-06   1.39626        -0
0.768462	  1.57029 -0.785399     1e-06  -2.18166     3e-06   1.39626        -0
0.769462	  1.57029 -0.785399     1e-06  -2.18166     3e-06   1.39626        -0
0.770462	   1.5703 -0.785399     1e-06  -2.18166     3e-06   1.39626        -0
0.771462	  1.57031 -0.785399     1e-06  -2.18166     3e-06   1.39626        -0
0.772462	  1.57031 -0.785399     1e-06  -2.18166     3e-06   1.39626        -0
0.773462	  1.57032 -0.785399     1e-06  -2.18166     3e-06   1.39626        -0
0.774462	  1.57032 -0.785399     1e-06  -2.18166     3e-06   1.39626        -0
0.775462	  1.57033 -0.785399     1e-06  -2.18166     3e-06   1.39626        -0
0.776462	  1.57033 -0.785399     1e-06  -2.18166     3e-06   1.39626        -0
0.777462	  1.57034 -0.785399     1e-06  -2.18166     3e-06   1.39626        -0
0.778462	  1.57035 -0.785399     1e-06  -2.18166     3e-06   1.39626        -0
0.779462	  1.57036 -0.785399     1e-06  -2.18166     3e-06   1.39626        -0
0.780462	  1.57036 -0.785399     1e-06  -2.18166     3e-06   1.39626        -0
0.781462	  1.57037 -0.785399     1e-06  -2.18166     3e-06   1.39626        -0
0.782462	  1.57037 -0.785399     1e-06  -2.18166     3e-06   1.39626        -0
0.783462	  1.57037 -0.785399     1e-06  -2.18166     3e-06   1.39626        -0
0.784462	  1.57038 -0.785399     1e-06  -2.18166     2e-06   1.39626        -0
0.785462	  1.57038 -0.785399     1e-06  -2.18166     2e-06   1.39626        -0
0.786462	  1.57039 -0.785399     1e-06  -2.18166     2e-06   1.39626        -0
0.787462	  1.57039 -0.785399     1e-06  -2.18166     2e-06   1.39626        -0
0.788462	   1.5704 -0.785399     1e-06  -2.18166     2e-06   1.39626        -0
0.789462	   1.5704 -0.785399     1e-06  -2.18166     2e-06   1.39626        -0
0.790462	  1.57041 -0.785399     1e-06  -2.18166     2e-06   1.39626        -0
0.791462	  1.57041 -0.785399     1e-06  -2.18166     2e-06   1.39626        -0
0.792462	  1.57041 -0.785399     1e-06  -2.18166     2e-06   1.39626        -0
0.793462	  1.57042 -0.785399     1e-06  -2.18166     2e-06   1.39626        -0
0.794462	  1.57042 -0.785399     1e-06  -2.18166     2e-06   1.39626        -0
0.795462	  1.57043 -0.785399     1e-06  -2.18166     2e-06   1.39626        -0
0.796462	  1.57043 -0.785399     1e-06  -2.18166     2e-06   1.39626        -0
0.797462	  1.57044 -0.785399     1e-06  -2.18166     2e-06   1.39626        -0
0.798462	  1.57044 -0.785399     1e-06  -2.18166     2e-06   1.39626        -0
0.799462	  1.57045 -0.785399     1e-06  -2.18166     2e-06   1.39626        -0
0.800462	  1.57045 -0.785399     1e-06  -2.18166     2e-06   1.39626        -0
0.801462	  1.57045 -0.785399         0  -2.18166     2e-06   1.39626        -0
0.802462	  1.57046 -0.785399         0  -2.18166     2e-06   1.39626        -0
0.803462	  1.57046 -0.785399         0  -2.18166     2e-06   1.39626        -0
0.804462	  1.57047 -0.785399         0  -2.18166     2e-06   1.39626        -0
0.805462	  1.57047 -0.785399         0  -2.18166     2e-06   1.39626        -0
0.806462	  1.57048 -0.785399         0  -2.18166     2e-06   1.39626        -0
0.807462	  1.57048 -0.785399         0  -2.18166     2e-06   1.39626        -0
0.808462	  1.57048 -0.785399         0  -2.18166     2e-06   1.39626        -0
0.809462	  1.57049 -0.785399         0  -2.18166     2e-06   1.39626        -0
0.810462	  1.57049 -0.785399         0  -2.18166     2e-06   1.39626        -0
0.811462	   1.5705 -0.785399         0  -2.18166     2e-06   1.39626        -0
0.812462	   1.5705 -0.785399         0  -2.18166     2e-06   1.39626        -0
0.813462	   1.5705 -0.785399         0  -2.18166     2e-06   1.39626        -0
0.814462	   1.5705 -0.785399         0  -2.18166     2e-06   1.39626        -0
0.815462	  1.57051 -0.785399         0  -2.18166     2e-06   1.39626        -0
0.816462	  1.57051 -0.785399         0  -2.18166     2e-06   1.39626        -0
0.817462	  1.57052 -0.785399         0  -2.18166     2e-06   1.39626        -0
0.818462	  1.57052 -0.785399         0  -2.18166     2e-06   1.39626        -0
0.819462	  1.57052 -0.785399         0  -2.18166     2e-06   1.39626        -0
0.820462	  1.57052 -0.785399         0  -2.18166     2e-06   1.39626        -0
0.821462	  1.57053 -0.785399         0  -2.18166     2e-06   1.39626        -0
0.822462	  1.57053 -0.785399         0  -2.18166     2e-06   1.39626        -0
0.823462	  1.57053 -0.785399         0  -2.18166     2e-06   1.39626        -0
0.824462	  1.57054 -0.785399         0  -2.18166     2e-06   1.39626        -0
0.825462	  1.57054 -0.785399         0  -2.18166     2e-06   1.39626        -0
0.826462	  1.57054 -0.785399         0  -2.18166     1e-06   1.39626        -0
0.827462	  1.57055 -0.785399         0  -2.18166     1e-06   1.39626        -0
0.828462	  1.57055 -0.785399         0  -2.18166     1e-06   1.39626        -0
0.829462	  1.57055 -0.785399         0  -2.18166     1e-06   1.39626        -0
0.830462	  1.57056 -0.785398         0  -2.18166     1e-06   1.39626        -0
0.831462	  1.57056 -0.785398         0  -2.18166     1e-06   1.39626        -0
0.832462	  1.57056 -0.785398         0  -2.18166     1e-06   1.39626        -0
0.833462	  1.57056 -0.785398         0  -2.18166     1e-06   1.39626        -0
0.834462	  1.57057 -0.785398         0  -2.18166     1e-06   1.39626        -0
0.835462	  1.57057 -0.785398         0  -2.18166     1e-06   1.39626        -0
0.836462	  1.57057 -0.785398         0  -2.18166     1e-06   1.39626        -0
0.837462	  1.57058 -0.785398         0  -2.18166     1e-06   1.39626        -0
0.838462	  1.57058 -0.785398         0  -2.18166     1e-06   1.39626        -0
0.839462	  1.57058 -0.785398         0  -2.18166     1e-06   1.39626        -0
0.840462	  1.57058 -0.785398         0  -2.18166     1e-06   1.39626        -0
0.841462	  1.57058 -0.785398         0  -2.18166     1e-06   1.39626        -0
0.842462	  1.57059 -0.785398         0  -2.18166     1e-06   1.39626        -0
0.843462	  1.57059 -0.785398         0  -2.18166     1e-06   1.39626        -0
0.844462	  1.57059 -0.785398         0  -2.18166     1e-06   1.39626        -0
0.845462	   1.5706 -0.785398         0  -2.18166     1e-06   1.39626        -0
0.847966	   1.5706 -0.785398         0  -2.18166     1e-06   1.39626        -0
0.848966	   1.5706 -0.785398         0  -2.18166     1e-06   1.39626        -0
0.849966	  1.57061 -0.785398         0  -2.18166     1e-06   1.39626        -0
0.850966	  1.57061 -0.785398         0  -2.18166     1e-06   1.39626        -0
0.851966	  1.57061 -0.785398         0  -2.18166     1e-06   1.39626        -0
0.852966	  1.57061 -0.785398         0  -2.18166     1e-06   1.39626        -0
0.853966	  1.57061 -0.785398         0  -2.18166     1e-06   1.39626        -0
0.854966	  1.57061 -0.785398         0  -2.18166     1e-06   1.39626        -0
0.855966	  1.57062 -0.785398         0  -2.18166     1e-06   1.39626        -0
0.856966	  1.57062 -0.785398         0  -2.18166     1e-06   1.39626        -0
0.857966	  1.57062 -0.785398         0  -2.18166     1e-06   1.39626        -0
0.858966	  1.57062 -0.785398         0  -2.18166     1e-06   1.39626        -0
0.859966	  1.57062 -0.785398         0  -2.18166     1e-06   1.39626        -0
0.860966	  1.57063 -0.785398         0  -2.18166     1e-06   1.39626        -0
0.861966	  1.57063 -0.785398         0  -2.18166     1e-06   1.39626        -0
0.862966	  1.57063 -0.785398         0  -2.18166     1e-06   1.39626        -0
0.863966	  1.57063 -0.785398         0  -2.18166     1e-06   1.39626        -0
0.864966	  1.57064 -0.785398         0  -2.18166     1e-06   1.39626        -0
0.865966	  1.57064 -0.785398         0  -2.18166     1e-06   1.39626        -0
0.866966	  1.57064 -0.785398         0  -2.18166     1e-06   1.39626        -0
0.867966	  1.57064 -0.785398         0  -2.18166     1e-06   1.39626        -0
0.868966	  1.57064 -0.785398         0  -2.18166     1e-06   1.39626        -0
0.869966	  1.57064 -0.785398         0  -2.18166     1e-06   1.39626        -0
0.870966	  1.57065 -0.785398         0  -2.18166     1e-06   1.39626        -0
0.871966	  1.57065 -0.785398         0  -2.18166     1e-06   1.39626        -0
0.872966	  1.57065 -0.785398         0  -2.18166     1e-06   1.39626        -0
0.873966	  1.57065 -0.785398         0  -2.18166     1e-06   1.39626        -0
0.874966	  1.57065 -0.785398         0  -2.18166     1e-06   1.39626        -0
0.875966	  1.57065 -0.785398         0  -2.18166     1e-06   1.39626        -0
0.876966	  1.57066 -0.785398         0  -2.18166     1e-06   1.39626        -0
0.877966	  1.57066 -0.785398         0  -2.18166     1e-06   1.39626        -0
0.878966	  1.57066 -0.785398         0  -2.18166     1e-06   1.39626        -0
0.879966	  1.57066 -0.785398         0  -2.18166     1e-06   1.39626        -0
0.880966	  1.57066 -0.785398         0  -2.18166     1e-06   1.39626        -0
0.881966	  1.57066 -0.785398         0  -2.18166     1e-06   1.39626        -0
0.882966	  1.57067 -0.785398         0  -2.18166     1e-06   1.39626        -0
0.883966	  1.57067 -0.785398         0  -2.18166     1e-06   1.39626        -0
0.884966	  1.57067 -0.785398         0  -2.18166     1e-06   1.39626        -0
0.886618	  1.57067 -0.785398         0  -2.18166     1e-06   1.39626        -0
0.887618	  1.57067 -0.785398         0  -2.18166     1e-06   1.39626        -0
0.888618	  1.57068 -0.785398         0  -2.18166     1e-06   1.39626        -0
0.889618	  1.57068 -0.785398         0  -2.18166     1e-06   1.39626        -0
0.890618	  1.57068 -0.785398         0  -2.18166     1e-06   1.39626        -0
0.891618	  1.57068 -0.785398         0  -2.18166     1e-06   1.39626        -0
0.892618	  1.57068 -0.785398         0  -2.18166     1e-06   1.39626        -0
0.893618	  1.57068 -0.785398         0  -2.18166     1e-06   1.39626        -0
0.894618	  1.57068 -0.785398         0  -2.18166     1e-06   1.39626        -0
0.895618	  1.57069 -0.785398         0  -2.18166     1e-06   1.39626        -0
0.896618	  1.57069 -0.785398         0  -2.18166     1e-06   1.39626        -0
0.897618	  1.57069 -0.785398         0  -2.18166     1e-06   1.39626        -0
0.898618	  1.57069 -0.785398         0  -2.18166     1e-06   1.39626        -0
0.899618	  1.57069 -0.785398         0  -2.18166     1e-06   1.39626        -0
0.900618	  1.57069 -0.785398         0  -2.18166     1e-06   1.39626        -0
0.901618	  1.57069 -0.785398         0  -2.18166     1e-06   1.39626        -0
0.902618	  1.57069 -0.785398         0  -2.18166     1e-06   1.39626        -0
0.903618	  1.57069 -0.785398         0  -2.18166     1e-06   1.39626        -0
0.904618	   1.5707 -0.785398         0  -2.18166     1e-06   1.39626        -0
0.905618	   1.5707 -0.785398         0  -2.18166     1e-06   1.39626        -0
0.906618	   1.5707 -0.785398         0  -2.18166     1e-06   1.39626        -0
0.907618	   1.5707 -0.785398         0  -2.18166     1e-06   1.39626        -0
0.908618	   1.5707 -0.785398         0  -2.18166     1e-06   1.39626        -0
0.909618	   1.5707 -0.785398         0  -2.18166     1e-06   1.39626        -0
0.910618	   1.5707 -0.785398         0  -2.18166     1e-06   1.39626        -0
0.911618	  1.57071 -0.785398         0  -2.18166     1e-06   1.39626        -0
0.912618	  1.57071 -0.785398         0  -2.18166     1e-06   1.39626        -0
0.913618	  1.57071 -0.785398         0  -2.18166     1e-06   1.39626        -0
0.914618	  1.57071 -0.785398         0  -2.18166         0   1.39626        -0
0.915618	  1.57071 -0.785398         0  -2.18166         0   1.39626        -0
0.916618	  1.57071 -0.785398         0  -2.18166         0   1.39626        -0
0.917618	  1.57071 -0.785398         0  -2.18166         0   1.39626        -0
0.918618	  1.57071 -0.785398         0  -2.18166         0   1.39626        -0
0.919618	  1.57071 -0.785398         0  -2.18166         0   1.39626        -0
0.920618	  1.57071 -0.785398         0  -2.18166         0   1.39626        -0
0.922177	  1.57072 -0.785398         0  -2.18166         0   1.39626        -0
0.923177	  1.57072 -0.785398         0  -2.18166         0   1.39626        -0
0.924177	  1.57072 -0.785398         0  -2.18166         0   1.39626        -0
0.925177	  1.57072 -0.785398         0  -2.18166         0   1.39626        -0
0.926177	  1.57072 -0.785398         0  -2.18166         0   1.39626        -0
0.927177	  1.57072 -0.785398         0  -2.18166         0   1.39626        -0
0.928177	  1.57072 -0.785398         0  -2.18166         0   1.39626        -0
0.929177	  1.57072 -0.785398         0  -2.18166         0   1.39626        -0
0.930177	  1.57072 -0.785398         0  -2.18166         0   1.39626        -0
0.931177	  1.57072 -0.785398         0  -2.18166         0   1.39626        -0
0.932177	  1.57072 -0.785398         0  -2.18166         0   1.39626        -0
0.933177	  1.57072 -0.785398         0  -2.18166         0   1.39626        -0
0.934177	  1.57073 -0.785398         0  -2.18166         0   1.39626        -0
0.935177	  1.57073 -0.785398         0  -2.18166         0   1.39626        -0
0.936177	  1.57073 -0.785398         0  -2.18166         0   1.39626        -0
0.937177	  1.57073 -0.785398         0  -2.18166         0   1.39626        -0
0.938177	  1.57073 -0.785398         0  -2.18166         0   1.39626        -0
0.939177	  1.57073 -0.785398         0  -2.18166         0   1.39626        -0
0.940177	  1.57073 -0.785398         0  -2.18166         0   1.39626        -0
0.941177	  1.57073 -0.785398         0  -2.18166         0   1.39626        -0
0.942177	  1.57073 -0.785398         0  -2.18166         0   1.39626        -0
0.943177	  1.57073 -0.785398         0  -2.18166         0   1.39626        -0
0.944177	  1.57073 -0.785398         0  -2.18166         0   1.39626        -0
0.945177	  1.57073 -0.785398         0  -2.18166         0   1.39626        -0
0.946177	  1.57074 -0.785398         0  -2.18166         0   1.39626        -0
0.947177	  1.57074 -0.785398         0  -2.18166         0   1.39626        -0
0.948177	  1.57074 -0.785398         0  -2.18166         0   1.39626        -0
0.949177	  1.57074 -0.785398         0  -2.18166         0   1.39626        -0
0.950177	  1.57074 -0.785398         0  -2.18166         0   1.39626        -0
0.951177	  1.57074 -0.785398         0  -2.18166         0   1.39626        -0
0.952177	  1.57074 -0.785398         0  -2.18166         0   1.39626        -0
0.953177	  1.57074 -0.785398         0  -2.18166         0   1.39626        -0
0.954177	  1.57074 -0.785398         0  -2.18166         0   1.39626        -0
0.955177	  1.57074 -0.785398         0  -2.18166         0   1.39626        -0
0.956177	  1.57074 -0.785398         0  -2.18166         0   1.39626        -0
0.957177	  1.57074 -0.785398         0  -2.18166         0   1.39626        -0
0.958177	  1.57074 -0.785398         0  -2.18166         0   1.39626        -0
0.959177	  1.57074 -0.785398         0  -2.18166         0   1.39626        -0
0.960177	  1.57075 -0.785398         0  -2.18166         0   1.39626        -0
0.961177	  1.57075 -0.785399         0  -2.18166         0   1.39626        -0
0.962177	  1.57075 -0.785399         0  -2.18166         0   1.39626        -0
0.963177	  1.57075 -0.785399         0  -2.18166         0   1.39626        -0
0.964177	  1.57075 -0.785399         0  -2.18166         0   1.39626        -0
0.965177	  1.57075 -0.785399         0  -2.18166         0   1.39626        -0
0.966177	  1.57075 -0.785399         0  -2.18166         0   1.39626        -0
0.967177	  1.57075 -0.785399         0  -2.18166         0   1.39626        -0
0.968177	  1.57075 -0.785399         0  -2.18166         0   1.39626        -0
0.969177	  1.57075 -0.785399         0  -2.18166         0   1.39626        -0
0.970177	  1.57075 -0.785399         0  -2.18166         0   1.39626        -0
0.971177	  1.57075 -0.785399         0  -2.18166         0   1.39626        -0
0.972177	  1.57075 -0.785398         0  -2.18166         0   1.39626        -0
0.973177	  1.57075 -0.785398         0  -2.18166         0   1.39626        -0
0.974177	  1.57075 -0.785398         0  -2.18166         0   1.39626        -0
0.975177	  1.57075 -0.785398         0  -2.18166         0   1.39626        -0
0.976177	  1.57075 -0.785398         0  -2.18166         0   1.39626        -0
0.977177	  1.57075 -0.785398         0  -2.18166         0   1.39626        -0
0.978177	  1.57075 -0.785398         0  -2.18166         0   1.39626        -0
0.979177	  1.57076 -0.785398         0  -2.18166         0   1.39626        -0
0.980177	  1.57076 -0.785398         0  -2.18166         0   1.39626        -0
0.981177	  1.57076 -0.785398         0  -2.18166         0   1.39626        -0
0.982177	  1.57076 -0.785398         0  -2.18166         0   1.39626        -0
0.983177	  1.57076 -0.785398         0  -2.18166         0   1.39626        -0
0.984177	  1.57076 -0.785398         0  -2.18166         0   1.39626        -0
0.985177	  1.57076 -0.785398         0  -2.18166         0   1.39626        -0
0.986177	  1.57076 -0.785398         0  -2.18166         0   1.39626        -0
0.987177	  1.57076 -0.785398         0  -2.18166         0   1.39626        -0
0.988177	  1.57076 -0.785398         0  -2.18166         0   1.39626        -0
0.989177	  1.57076 -0.785398         0  -2.18166         0   1.39626        -0
0.990177	  1.57076 -0.785398         0  -2.18166         0   1.39626        -0
0.991177	  1.57076 -0.785398         0  -2.18166         0   1.39626        -0
0.992177	  1.57076 -0.785398         0  -2.18166         0   1.39626        -0
0.993177	  1.57076 -0.785398         0  -2.18166         0   1.39626        -0
0.994177	  1.57076 -0.785398         0  -2.18166         0   1.39626        -0
0.995177	  1.57076 -0.785398         0  -2.18166         0   1.39626        -0
0.997017	  1.57076 -0.785398         0  -2.18166         0   1.39626        -0
0.998017	  1.57076 -0.785398         0  -2.18166         0   1.39626        -0
0.999017	  1.57076 -0.785398         0  -2.18166         0   1.39626        -0
1.00002	  1.57076 -0.785398         0  -2.18166         0   1.39626        -0
1.00102	  1.57076 -0.785398         0  -2.18166         0   1.39626        -0
1.00202	  1.57076 -0.785398         0  -2.18166         0   1.39626        -0
1.00302	  1.57076 -0.785398         0  -2.18166         0   1.39626        -0
1.00402	  1.57077 -0.785398         0  -2.18166         0   1.39626        -0
1.00502	  1.57077 -0.785398         0  -2.18166         0   1.39626        -0
1.00602	  1.57077 -0.785398         0  -2.18166         0   1.39626        -0
1.00702	  1.57077 -0.785398         0  -2.18166         0   1.39626        -0
1.00802	  1.57077 -0.785398         0  -2.18166         0   1.39626        -0
1.00902	  1.57077 -0.785398         0  -2.18166         0   1.39626        -0
1.01002	  1.57077 -0.785398         0  -2.18166         0   1.39626        -0
1.01102	  1.57077 -0.785398         0  -2.18166         0   1.39626        -0
1.01202	  1.57077 -0.785398         0  -2.18166         0   1.39626        -0
1.01302	  1.57077 -0.785398         0  -2.18166         0   1.39626        -0
1.01402	  1.57077 -0.785398         0  -2.18166         0   1.39626        -0
1.01502	  1.57077 -0.785398         0  -2.18166         0   1.39626        -0
1.01602	  1.57077 -0.785398         0  -2.18166         0   1.39626        -0
1.01702	  1.57077 -0.785398         0  -2.18166         0   1.39626        -0
1.01802	  1.57077 -0.785398         0  -2.18166         0   1.39626        -0
1.01902	  1.57077 -0.785398         0  -2.18166         0   1.39626        -0
1.02002	  1.57077 -0.785398         0  -2.18166         0   1.39626        -0
1.02102	  1.57077 -0.785398         0  -2.18166         0   1.39626        -0
1.02202	  1.57077 -0.785398         0  -2.18166         0   1.39626        -0
1.02302	  1.57077 -0.785399         0  -2.18166         0   1.39626        -0
1.02402	  1.57077 -0.785399         0  -2.18166         0   1.39626        -0
1.02502	  1.57077 -0.785399         0  -2.18166         0   1.39626        -0
1.02677	  1.57077 -0.785399         0  -2.18166         0   1.39626        -0
1.02777	  1.57077 -0.785399         0  -2.18166         0   1.39626        -0
1.02877	  1.57077 -0.785399         0  -2.18166         0   1.39626        -0
1.02977	  1.57077 -0.785399         0  -2.18166         0   1.39626        -0
1.03077	  1.57077 -0.785399         0  -2.18166         0   1.39626        -0
1.03177	  1.57077 -0.785399         0  -2.18166         0   1.39626        -0
1.03277	  1.57078 -0.785399         0  -2.18166         0   1.39626        -0
1.03377	  1.57078 -0.785398         0  -2.18166         0   1.39626        -0
1.03477	  1.57078 -0.785398         0  -2.18166         0   1.39626        -0
1.03577	  1.57078 -0.785398         0  -2.18166         0   1.39626        -0
1.03677	  1.57078 -0.785398         0  -2.18166         0   1.39626        -0
1.03777	  1.57078 -0.785398         0  -2.18166         0   1.39626        -0
1.03877	  1.57078 -0.785398         0  -2.18166         0   1.39626        -0
1.03977	  1.57078 -0.785398         0  -2.18166         0   1.39626        -0
1.04077	  1.57078 -0.785398         0  -2.18166         0   1.39626        -0
1.04177	  1.57078 -0.785398         0  -2.18166         0   1.39626        -0
1.04277	  1.57078 -0.785398         0  -2.18166         0   1.39626        -0
1.04377	  1.57078 -0.785398         0  -2.18166         0   1.39626        -0
1.04477	  1.57078 -0.785398         0  -2.18166         0   1.39626        -0
1.04577	  1.57078 -0.785398         0  -2.18166         0   1.39626        -0
1.04677	  1.57078 -0.785398         0  -2.18166         0   1.39626        -0
1.04777	  1.57078 -0.785398         0  -2.18166         0   1.39626        -0
1.04877	  1.57078 -0.785398         0  -2.18166         0   1.39626        -0
1.04977	  1.57078 -0.785398         0  -2.18166         0   1.39626        -0
1.05077	  1.57078 -0.785398         0  -2.18166         0   1.39626        -0
1.05177	  1.57078 -0.785398         0  -2.18166         0   1.39626        -0
1.05277	  1.57078 -0.785398         0  -2.18166         0   1.39626        -0
1.05377	  1.57078 -0.785398         0  -2.18166         0   1.39626        -0
1.05477	  1.57078 -0.785398         0  -2.18166         0   1.39626        -0
1.05577	  1.57078 -0.785398         0  -2.18166         0   1.39626        -0
1.05677	  1.57078 -0.785398         0  -2.18166         0   1.39626        -0
1.05777	  1.57078 -0.785398         0  -2.18166         0   1.39626        -0
1.05877	  1.57078 -0.785398         0  -2.18166         0   1.39626        -0
1.05977	  1.57078 -0.785398         0  -2.18166         0   1.39626        -0
1.06077	  1.57078 -0.785398         0  -2.18166         0   1.39626        -0
1.06177	  1.57078 -0.785398         0  -2.18166         0   1.39626        -0
1.06277	  1.57078 -0.785398         0  -2.18166         0   1.39626        -0
1.06377	  1.57078 -0.785398         0  -2.18166         0   1.39626        -0
1.06477	  1.57078 -0.785398         0  -2.18166         0   1.39626        -0
1.06577	  1.57078 -0.785398         0  -2.18166         0   1.39626        -0
1.06677	  1.57078 -0.785398         0  -2.18166         0   1.39626        -0
1.06789	  1.57078 -0.785398         0  -2.18166         0   1.39626        -0
1.06889	  1.57078 -0.785398         0  -2.18166         0   1.39626        -0
1.06989	  1.57078 -0.785398         0  -2.18166         0   1.39626        -0
1.07089	  1.57078 -0.785398         0  -2.18166         0   1.39626        -0
1.07189	  1.57078 -0.785398         0  -2.18166         0   1.39626        -0
1.07289	  1.57078 -0.785398         0  -2.18166         0   1.39626        -0
1.07389	  1.57078 -0.785398         0  -2.18166         0   1.39626        -0
1.07489	  1.57078 -0.785398         0  -2.18166         0   1.39626        -0
1.07589	  1.57078 -0.785398         0  -2.18166         0   1.39626        -0
1.07689	  1.57078 -0.785398         0  -2.18166         0   1.39626        -0
1.07789	  1.57078 -0.785398         0  -2.18166         0   1.39626        -0
1.07889	  1.57078 -0.785399         0  -2.18166         0   1.39626        -0
1.07989	  1.57078 -0.785399         0  -2.18166         0   1.39626        -0
1.08089	  1.57078 -0.785399         0  -2.18166         0   1.39626        -0
1.08189	  1.57078 -0.785399         0  -2.18166         0   1.39626        -0
1.08289	  1.57078 -0.785399         0  -2.18166         0   1.39626        -0
1.08389	  1.57079 -0.785399         0  -2.18166         0   1.39626        -0
1.08489	  1.57079 -0.785399         0  -2.18166         0   1.39626        -0
1.08589	  1.57079 -0.785399         0  -2.18166         0   1.39626        -0
1.08689	  1.57079 -0.785399         0  -2.18166         0   1.39626        -0
1.08789	  1.57079 -0.785398         0  -2.18166         0   1.39626        -0
1.08889	  1.57079 -0.785398         0  -2.18166         0   1.39626        -0
1.09046	  1.57079 -0.785398         0  -2.18166         0   1.39626        -0
1.09146	  1.57079 -0.785398         0  -2.18166         0   1.39626        -0
1.09246	  1.57079 -0.785398         0  -2.18166         0   1.39626        -0
1.09346	  1.57079 -0.785398         0  -2.18166         0   1.39626        -0
1.09446	  1.57079 -0.785398         0  -2.18166         0   1.39626        -0
1.09546	  1.57079 -0.785398         0  -2.18166         0   1.39626        -0
1.09646	  1.57079 -0.785398         0  -2.18166         0   1.39626        -0
1.09746	  1.57079 -0.785398         0  -2.18166         0   1.39626        -0
1.09846	  1.57079 -0.785398         0  -2.18166         0   1.39626        -0
1.09946	  1.57079 -0.785398         0  -2.18166         0   1.39626        -0
1.10046	  1.57079 -0.785398         0  -2.18166         0   1.39626        -0
1.10146	  1.57079 -0.785398         0  -2.18166         0   1.39626        -0
1.10246	  1.57079 -0.785398         0  -2.18166         0   1.39626        -0
1.10346	  1.57079 -0.785398         0  -2.18166         0   1.39626        -0
1.10446	  1.57079 -0.785398         0  -2.18166         0   1.39626        -0
1.10546	  1.57079 -0.785398         0  -2.18166         0   1.39626        -0
1.10646	  1.57079 -0.785398         0  -2.18166         0   1.39626        -0
1.10746	  1.57079 -0.785398         0  -2.18166         0   1.39626        -0
1.10846	  1.57079 -0.785398         0  -2.18166         0   1.39626        -0
1.10946	  1.57079 -0.785398         0  -2.18166         0   1.39626        -0
1.11046	  1.57079 -0.785398         0  -2.18166         0   1.39626        -0
1.11146	  1.57079 -0.785398         0  -2.18166         0   1.39626        -0
1.11246	  1.57079 -0.785398         0  -2.18166         0   1.39626        -0
1.11346	  1.57079 -0.785398         0  -2.18166         0   1.39626        -0
1.11446	  1.57079 -0.785398         0  -2.18166         0   1.39626        -0
1.11546	  1.57079 -0.785398         0  -2.18166         0   1.39626        -0
1.11646	  1.57079 -0.785398         0  -2.18166         0   1.39626        -0
1.11746	  1.57079 -0.785398         0  -2.18166         0   1.39626        -0
1.11846	  1.57079 -0.785398         0  -2.18166         0   1.39626        -0
1.11946	  1.57079 -0.785398         0  -2.18166         0   1.39626        -0
1.12046	  1.57079 -0.785398         0  -2.18166         0   1.39626        -0
1.12146	  1.57079 -0.785398         0  -2.18166         0   1.39626        -0
1.12246	  1.57079 -0.785398         0  -2.18166         0   1.39626        -0
1.12346	  1.57079 -0.785398         0  -2.18166         0   1.39626        -0
1.12446	  1.57079 -0.785398         0  -2.18166         0   1.39626        -0
1.12546	  1.57079 -0.785398         0  -2.18166         0   1.39626        -0
1.12646	  1.57079 -0.785398         0  -2.18166         0   1.39626        -0
1.12746	  1.57079 -0.785398         0  -2.18166         0   1.39626        -0
1.12846	  1.57079 -0.785398         0  -2.18166         0   1.39626        -0
1.12946	  1.57079 -0.785398         0  -2.18166         0   1.39626        -0
1.13046	  1.57079 -0.785399         0  -2.18166         0   1.39626        -0
1.13146	  1.57079 -0.785399         0  -2.18166         0   1.39626        -0
1.13246	  1.57079 -0.785399         0  -2.18166         0   1.39626        -0
1.13346	  1.57079 -0.785399         0  -2.18166         0   1.39626        -0
1.13446	  1.57079 -0.785399         0  -2.18166         0   1.39626        -0
1.13546	  1.57079 -0.785399         0  -2.18166         0   1.39626        -0
1.13646	  1.57079 -0.785399         0  -2.18166         0   1.39626        -0
1.13746	  1.57079 -0.785399         0  -2.18166         0   1.39626        -0
1.13846	  1.57079 -0.785399         0  -2.18166         0   1.39626        -0
1.13946	  1.57079 -0.785398         0  -2.18166         0   1.39626        -0
1.14046	  1.57079 -0.785398         0  -2.18166         0   1.39626        -0
1.14146	  1.57079 -0.785398         0  -2.18166         0   1.39626        -0
1.14246	  1.57079 -0.785398         0  -2.18166         0   1.39626        -0
1.14346	  1.57079 -0.785398         0  -2.18166         0   1.39626        -0
1.14446	  1.57079 -0.785398         0  -2.18166         0   1.39626        -0
1.14546	  1.57079 -0.785398         0  -2.18166         0   1.39626        -0
1.14646	  1.57079 -0.785398         0  -2.18166         0   1.39626        -0
1.14746	  1.57079 -0.785398         0  -2.18166         0   1.39626        -0
1.14846	  1.57079 -0.785398         0  -2.18166         0   1.39626        -0
1.14946	  1.57079 -0.785398         0  -2.18166         0   1.39626        -0
1.15046	  1.57079 -0.785398         0  -2.18166         0   1.39626        -0
1.15146	  1.57079 -0.785398         0  -2.18166         0   1.39626        -0
1.15246	  1.57079 -0.785398         0  -2.18166         0   1.39626        -0
1.15346	  1.57079 -0.785398         0  -2.18166         0   1.39626        -0
1.15446	  1.57079 -0.785398         0  -2.18166         0   1.39626        -0
1.15546	  1.57079 -0.785398         0  -2.18166         0   1.39626        -0
1.15646	  1.57079 -0.785398         0  -2.18166         0   1.39626        -0
1.15746	  1.57079 -0.785398         0  -2.18166         0   1.39626        -0
1.15846	  1.57079 -0.785398         0  -2.18166         0   1.39626        -0
1.15946	  1.57079 -0.785398         0  -2.18166         0   1.39626        -0
1.16046	  1.57079 -0.785398         0  -2.18166         0   1.39626        -0
1.16146	  1.57079 -0.785398         0  -2.18166         0   1.39626        -0
1.16246	  1.57079 -0.785398         0  -2.18166         0   1.39626        -0
1.16346	  1.57079 -0.785398         0  -2.18166         0   1.39626        -0
1.16446	  1.57079 -0.785398         0  -2.18166         0   1.39626        -0
1.16546	  1.57079 -0.785398         0  -2.18166         0   1.39626        -0
1.16646	  1.57079 -0.785398         0  -2.18166         0   1.39626        -0
1.16746	  1.57079 -0.785398         0  -2.18166         0   1.39626        -0
1.16846	  1.57079 -0.785398         0  -2.18166         0   1.39626        -0
1.16946	  1.57079 -0.785398         0  -2.18166         0   1.39626        -0
1.17046	  1.57079 -0.785398         0  -2.18166         0   1.39626        -0
1.17146	  1.57079 -0.785398         0  -2.18166         0   1.39626        -0
1.17246	  1.57079 -0.785398         0  -2.18166         0   1.39626        -0
1.17346	  1.57079 -0.785398         0  -2.18166         0   1.39626        -0
1.17446	  1.57079 -0.785398         0  -2.18166         0   1.39626        -0
1.17546	  1.57079 -0.785398         0  -2.18166         0   1.39626        -0
1.17646	  1.57079 -0.785398         0  -2.18166         0   1.39626        -0
1.17746	  1.57079 -0.785398         0  -2.18166         0   1.39626        -0
1.17846	  1.57079 -0.785398         0  -2.18166         0   1.39626        -0
1.17946	  1.57079 -0.785398         0  -2.18166         0   1.39626        -0
1.18046	  1.57079 -0.785398         0  -2.18166         0   1.39626        -0
1.18146	  1.57079 -0.785398         0  -2.18166         0   1.39626        -0
1.18246	  1.57079 -0.785399         0  -2.18166         0   1.39626        -0
1.18346	  1.57079 -0.785399         0  -2.18166         0   1.39626        -0
1.18446	  1.57079 -0.785399         0  -2.18166         0   1.39626        -0
1.18546	  1.57079 -0.785399         0  -2.18166         0   1.39626        -0
1.18646	  1.57079 -0.785399         0  -2.18166         0   1.39626        -0
1.18746	  1.57079 -0.785399         0  -2.18166         0   1.39626        -0
1.18846	  1.57079 -0.785399         0  -2.18166         0   1.39626        -0
1.18946	  1.57079 -0.785399         0  -2.18166         0   1.39626        -0
1.19046	  1.57079 -0.785399         0  -2.18166         0   1.39626        -0
1.19146	  1.57079 -0.785398         0  -2.18166         0   1.39626        -0
1.19246	  1.57079 -0.785398         0  -2.18166         0   1.39626        -0
1.19346	  1.57079 -0.785398         0  -2.18166         0   1.39626        -0
1.19446	  1.57079 -0.785398         0  -2.18166         0   1.39626        -0
1.19546	  1.57079 -0.785398         0  -2.18166         0   1.39626        -0
1.19646	  1.57079 -0.785398         0  -2.18166         0   1.39626        -0
1.19746	  1.57079 -0.785398         0  -2.18166         0   1.39626        -0
1.19846	  1.57079 -0.785398         0  -2.18166         0   1.39626        -0
1.19946	  1.57079 -0.785398         0  -2.18166         0   1.39626        -0
1.20046	  1.57079 -0.785398         0  -2.18166         0   1.39626        -0
1.20146	  1.57079 -0.785398         0  -2.18166         0   1.39626        -0
