0.00110821	 -1.39626 -0.785398         0  -2.18166         0   1.39626        -0
0.00210821	 -1.39567 -0.785392        -0  -2.18165        -0   1.39626        -0
0.00310821	-1.39392 -0.78538       -0 -2.18162       -0  1.39624       -0
0.00410821	 -1.39105 -0.785369        -0  -2.18159        -0   1.39623        -0
0.00510821	 -1.38712 -0.785358        -0  -2.18157        -0   1.39622        -0
0.00610821	 -1.38218 -0.785348        -0  -2.18155        -0   1.39622        -0
0.00710821	 -1.37627 -0.785338        -0  -2.18153    -1e-06   1.39622        -0
0.00810821	 -1.36943 -0.785328    -1e-06  -2.18152    -1e-06   1.39624        -0
0.00910821	 -1.36171 -0.785319    -1e-06  -2.18152    -2e-06   1.39627        -0
0.0101082	-1.35314 -0.78531   -1e-06 -2.18152   -2e-06  1.39632   -1e-06
0.0111082	 -1.34378 -0.785302    -2e-06  -2.18153    -3e-06   1.39639    -1e-06
0.0121082	 -1.33364 -0.785294    -3e-06  -2.18155    -4e-06   1.39648    -1e-06
0.0131082	 -1.32278 -0.785286    -4e-06  -2.18159    -6e-06    1.3966    -2e-06
0.0141082	 -1.31123 -0.785278    -6e-06  -2.18163    -8e-06   1.39674    -3e-06
0.0151082	 -1.29902 -0.785271    -8e-06  -2.18169  -1.1e-05   1.39692    -4e-06
0.0161082	 -1.28618 -0.785264  -1.1e-05  -2.18176  -1.4e-05   1.39714    -5e-06
0.0171082	 -1.27275 -0.785257  -1.5e-05  -2.18185  -1.8e-05   1.39739    -7e-06
0.0181082	 -1.25876 -0.785251  -1.9e-05  -2.18195  -2.3e-05   1.39769    -1e-05
0.0191082	 -1.24423 -0.785244  -2.5e-05  -2.18207  -2.9e-05   1.39802  -1.3e-05
0.0201082	  -1.2292 -0.785238  -3.1e-05  -2.18221  -3.6e-05    1.3984  -1.7e-05
0.0211082	 -1.21369 -0.785232  -3.9e-05  -2.18237  -4.5e-05   1.39883  -2.2e-05
0.0221082	 -1.19773 -0.785226  -4.9e-05  -2.18255  -5.6e-05   1.39931  -2.7e-05
0.0231082	-1.18134 -0.78522 -6.1e-05 -2.18274 -6.8e-05  1.39984 -3.4e-05
0.0241082	 -1.16456 -0.785215  -7.4e-05  -2.18296  -8.3e-05   1.40042  -4.2e-05
0.0251082	  -1.1474 -0.785209    -9e-05   -2.1832  -9.9e-05   1.40105  -5.1e-05
0.0261082	 -1.12988 -0.785204 -0.000107  -2.18346 -0.000118   1.40173  -6.2e-05
0.0271082	 -1.11204 -0.785199 -0.000128  -2.18374  -0.00014   1.40247  -7.4e-05
0.0281082	 -1.09388 -0.785194 -0.000151  -2.18405 -0.000165   1.40327  -8.8e-05
0.0291082	 -1.07543 -0.785189 -0.000177  -2.18437 -0.000193   1.40412 -0.000103
0.0301082	 -1.05672 -0.785184 -0.000207  -2.18472 -0.000224   1.40502 -0.000121
0.0311082	 -1.03775  -0.78518 -0.000239  -2.18509 -0.000258   1.40598  -0.00014
0.0321082	 -1.01855 -0.785176 -0.000275  -2.18548 -0.000296     1.407 -0.000162
0.0331082	 -0.99913 -0.785172 -0.000315  -2.18589 -0.000338   1.40806 -0.000186
0.0341082	-0.979515 -0.785168 -0.000358  -2.18633 -0.000384   1.40919 -0.000212
0.0351082	-0.959718 -0.785165 -0.000406  -2.18678 -0.000435   1.41036  -0.00024
0.0361082	-0.939754 -0.785162 -0.000457  -2.18726 -0.000489   1.41159 -0.000271
0.0371082	-0.919638 -0.785159 -0.000513  -2.18775 -0.000548   1.41286 -0.000304
0.0381082	-0.899385 -0.785157 -0.000573  -2.18827 -0.000612   1.41419  -0.00034
0.0391082	-0.879009 -0.785155 -0.000637   -2.1888  -0.00068   1.41556 -0.000379
0.0401082	-0.858523 -0.785153 -0.000706  -2.18935 -0.000753   1.41698  -0.00042
0.0411082	 -0.83794 -0.785152 -0.000779  -2.18993  -0.00083   1.41844 -0.000464
0.0421082	-0.817273 -0.785151 -0.000857  -2.19051 -0.000913   1.41995 -0.000511
0.0431082	-0.796532  -0.78515  -0.00094  -2.19112    -0.001    1.4215  -0.00056
0.0441082	 -0.77573  -0.78515 -0.001027  -2.19173 -0.001093   1.42309 -0.000612
0.0451082	-0.754877  -0.78515 -0.001118  -2.19237  -0.00119   1.42471 -0.000667
0.0461082	-0.733983 -0.785151 -0.001215  -2.19302 -0.001292   1.42637 -0.000725
0.0471082	 -0.71306 -0.785152 -0.001316  -2.19368 -0.001399   1.42807 -0.000785
0.0481082	-0.692116 -0.785154 -0.001421  -2.19435 -0.001511    1.4298 -0.000848
0.0491082	 -0.67116 -0.785156 -0.001531  -2.19504 -0.001627   1.43155 -0.000913
0.0501082	-0.650202 -0.785159 -0.001645  -2.19574 -0.001749   1.43334 -0.000981
0.0511082	 -0.62925 -0.785162 -0.001764  -2.19645 -0.001874   1.43515 -0.001052
0.0521082	-0.608312 -0.785165 -0.001887  -2.19716 -0.002005   1.43698 -0.001125
0.0531082	-0.587396 -0.785169 -0.002013  -2.19789  -0.00214   1.43884   -0.0012
0.0541082	-0.566508 -0.785174 -0.002144  -2.19862 -0.002279   1.44071 -0.001278
0.0551082	-0.545657 -0.785179 -0.002279  -2.19936 -0.002422    1.4426 -0.001358
0.0561082	-0.524849 -0.785184 -0.002417   -2.2001 -0.002569   1.44451  -0.00144
0.0571082	 -0.50409  -0.78519 -0.002559  -2.20085  -0.00272   1.44643 -0.001523
0.0581082	-0.483387 -0.785196 -0.002705  -2.20161 -0.002875   1.44836 -0.001609
0.0591082	-0.462746 -0.785202 -0.002853  -2.20237 -0.003033    1.4503 -0.001697
0.0601082	-0.442171 -0.785209 -0.003005  -2.20313 -0.003194   1.45224 -0.001786
0.0611082	 -0.42167 -0.785217 -0.003159  -2.20389 -0.003358   1.45419 -0.001877
0.0621082	-0.401245 -0.785225 -0.003316  -2.20465 -0.003526   1.45615 -0.001969
0.0631082	-0.380903 -0.785233 -0.003476  -2.20542 -0.003696    1.4581 -0.002063
0.0641082	-0.360649 -0.785241 -0.003638  -2.20618 -0.003868   1.46006 -0.002157
0.0651082	-0.340485 -0.785249 -0.003802  -2.20694 -0.004043   1.46201 -0.002253
0.0661082	-0.320418 -0.785258 -0.003967   -2.2077  -0.00422   1.46395  -0.00235
0.0671082	-0.300449 -0.785267 -0.004135  -2.20846 -0.004398   1.46589 -0.002448
0.0681082	-0.280585 -0.785276 -0.004304  -2.20921 -0.004578   1.46782 -0.002546
0.0691082	-0.260827 -0.785286 -0.004474  -2.20996  -0.00476   1.46975 -0.002645
0.0701082	-0.241179 -0.785295 -0.004645  -2.21071 -0.004942   1.47166 -0.002744
0.0711082	-0.221644 -0.785305 -0.004817  -2.21145 -0.005126   1.47355 -0.002844
0.0721082	-0.202226 -0.785314  -0.00499  -2.21218  -0.00531   1.47544 -0.002943
0.0731082	-0.182927 -0.785324 -0.005163  -2.21291 -0.005495   1.47731 -0.003043
0.0741082	 -0.16375 -0.785334 -0.005336  -2.21363  -0.00568   1.47916 -0.003143
0.0751082	-0.144697 -0.785343  -0.00551  -2.21434 -0.005865   1.48099 -0.003242
0.0761082	-0.125771 -0.785353 -0.005683  -2.21505 -0.006049    1.4828 -0.003342
0.0771082	-0.106974 -0.785362 -0.005856  -2.21575 -0.006234    1.4846 -0.003441
0.0781082	-0.088307 -0.785371 -0.006028  -2.21643 -0.006417   1.48637 -0.003539
0.0791082	-0.069773  -0.78538 -0.006199  -2.21711   -0.0066   1.48812 -0.003636
0.0801082	-0.051374 -0.785389  -0.00637  -2.21778 -0.006782   1.48984 -0.003733
0.0811082	-0.033111 -0.785398 -0.006539  -2.21844 -0.006963   1.49154 -0.003829
0.0821082	-0.014985 -0.785406 -0.006707  -2.21909 -0.007142   1.49321 -0.003924
0.0831082	 0.003001 -0.785414 -0.006874  -2.21972 -0.007319   1.49486 -0.004018
0.0841082	 0.020847 -0.785421 -0.007039  -2.22035 -0.007495   1.49648 -0.004111
0.0851082	 0.038552 -0.785428 -0.007202  -2.22096 -0.007669   1.49807 -0.004203
0.0861082	 0.056113 -0.785435 -0.007364  -2.22156  -0.00784   1.49963 -0.004293
0.0871082	 0.073532 -0.785441 -0.007523  -2.22215  -0.00801   1.50116 -0.004382
0.0881082	 0.090806 -0.785447  -0.00768  -2.22273 -0.008176   1.50266 -0.004469
0.0891082	 0.107935 -0.785452 -0.007834  -2.22329 -0.008341   1.50413 -0.004555
0.0901082	 0.124918 -0.785457 -0.007986  -2.22384 -0.008502   1.50556 -0.004639
0.0911082	 0.141754 -0.785461 -0.008136  -2.22438 -0.008661   1.50697 -0.004721
0.0925586	 0.141754 -0.785461 -0.008136  -2.22438 -0.008661   1.50697 -0.004721
0.0935586	 0.174986 -0.785468 -0.008427  -2.22542 -0.008969   1.50968  -0.00488
0.0945586	 0.191381 -0.785471 -0.008567  -2.22591 -0.009118   1.51099 -0.004957
0.0955586	 0.207627 -0.785472 -0.008705   -2.2264 -0.009263   1.51226 -0.005032
0.0965586	 0.223726 -0.785474  -0.00884  -2.22687 -0.009406    1.5135 -0.005105
0.0975586	 0.239676 -0.785474 -0.008971  -2.22732 -0.009544    1.5147 -0.005176
0.0985586	 0.255478 -0.785474   -0.0091  -2.22776 -0.009679   1.51587 -0.005244
0.0995586	 0.271131 -0.785473 -0.009224  -2.22819 -0.009811     1.517 -0.005311
0.100559	 0.286636 -0.785472 -0.009346   -2.2286 -0.009938   1.51811 -0.005375
0.101559	 0.301992 -0.785469 -0.009463    -2.229 -0.010061   1.51917 -0.005437
0.102559	 0.317201 -0.785466 -0.009578  -2.22939 -0.010181    1.5202 -0.005497
0.103559	 0.332261 -0.785463 -0.009688  -2.22976 -0.010296    1.5212 -0.005555
0.104559	 0.347174 -0.785458 -0.009795  -2.23012 -0.010408   1.52216  -0.00561
0.105559	  0.36194 -0.785453 -0.009898  -2.23046 -0.010515   1.52308 -0.005663
0.106559	 0.376558 -0.785447 -0.009997  -2.23079 -0.010618   1.52398 -0.005714
0.107559	  0.39103 -0.785441 -0.010093   -2.2311 -0.010717   1.52483 -0.005762
0.108559	 0.405356 -0.785434 -0.010185   -2.2314 -0.010811   1.52565 -0.005808
0.109559	 0.419536 -0.785426 -0.010273  -2.23169 -0.010902   1.52644 -0.005852
0.110559	 0.433571 -0.785417 -0.010357  -2.23196 -0.010988   1.52719 -0.005893
0.111559	 0.447462 -0.785407 -0.010437  -2.23222  -0.01107   1.52791 -0.005933
0.112559	 0.461209 -0.785397 -0.010513  -2.23247 -0.011147    1.5286 -0.005969
0.113559	 0.474812 -0.785386 -0.010586   -2.2327  -0.01122   1.52925 -0.006004
0.114559	 0.488273 -0.785375 -0.010654  -2.23292 -0.011289   1.52987 -0.006036
0.115559	 0.501591 -0.785362 -0.010719  -2.23312 -0.011354   1.53045 -0.006066
0.116559	 0.514769  -0.78535  -0.01078  -2.23331 -0.011414     1.531 -0.006093
0.117559	 0.527806 -0.785336 -0.010837  -2.23349  -0.01147   1.53152 -0.006118
0.118559	 0.540703 -0.785322  -0.01089  -2.23366 -0.011522   1.53201 -0.006141
0.119559	 0.553461 -0.785307 -0.010939  -2.23381  -0.01157   1.53246 -0.006162
0.120559	 0.566081 -0.785291 -0.010985  -2.23395 -0.011613   1.53288  -0.00618
0.121559	 0.578564 -0.785275 -0.011027  -2.23407 -0.011652   1.53327 -0.006196
0.122559	  0.59091 -0.785258 -0.011065  -2.23419 -0.011687   1.53363  -0.00621
0.123559	  0.60312 -0.785241 -0.011099  -2.23429 -0.011719   1.53396 -0.006222
0.124559	 0.615196 -0.785223  -0.01113  -2.23438 -0.011746   1.53426 -0.006231
0.125559	 0.627138 -0.785205 -0.011157  -2.23446 -0.011769   1.53453 -0.006239
0.126559	 0.638948 -0.785186  -0.01118  -2.23453 -0.011788   1.53476 -0.006244
0.127559	 0.650625 -0.785166   -0.0112  -2.23458 -0.011803   1.53497 -0.006248
0.128559	 0.662171 -0.785147 -0.011216  -2.23462 -0.011814   1.53516 -0.006249
0.129559	 0.673587 -0.785126 -0.011229  -2.23466 -0.011821   1.53531 -0.006248
0.130559	 0.684874 -0.785105 -0.011238  -2.23468 -0.011825   1.53543 -0.006246
0.131559	 0.696033 -0.785084 -0.011245  -2.23469 -0.011825   1.53553 -0.006241
0.132559	 0.707065 -0.785062 -0.011247  -2.23469 -0.011822    1.5356 -0.006235
0.133559	 0.717971  -0.78504 -0.011247  -2.23468 -0.011815   1.53564 -0.006226
0.134559	 0.728752 -0.785018 -0.011243  -2.23466 -0.011804   1.53566 -0.006216
0.135559	 0.739408 -0.784995 -0.011236  -2.23463  -0.01179   1.53565 -0.006204
0.136559	 0.749942 -0.784972 -0.011226  -2.23459 -0.011772   1.53562 -0.006191
0.137559	 0.760353 -0.784949 -0.011213  -2.23454 -0.011752   1.53556 -0.006175
0.138559	 0.770644 -0.784925 -0.011197  -2.23448 -0.011728   1.53548 -0.006158
0.139559	 0.780815 -0.784901 -0.011179  -2.23441 -0.011701   1.53537 -0.006139
0.140559	 0.790866 -0.784877 -0.011157  -2.23433  -0.01167   1.53524 -0.006119
0.141559	   0.8008 -0.784853 -0.011132  -2.23425 -0.011637   1.53509 -0.006097
0.142559	 0.810617 -0.784828 -0.011105  -2.23415 -0.011601   1.53491 -0.006074
0.143559	 0.820319 -0.784804 -0.011075  -2.23405 -0.011562   1.53471 -0.006049
0.144559	 0.829905 -0.784779 -0.011043  -2.23393  -0.01152   1.53449 -0.006023
0.145559	 0.839378 -0.784754 -0.011008  -2.23381 -0.011476   1.53425 -0.005995
0.146559	 0.848739 -0.784729  -0.01097  -2.23369 -0.011429   1.53399 -0.005966
0.147559	 0.857987 -0.784704  -0.01093  -2.23355 -0.011379   1.53371 -0.005936
0.148559	 0.867126 -0.784678 -0.010888  -2.23341 -0.011327   1.53341 -0.005904
0.149559	 0.876155 -0.784653 -0.010843  -2.23326 -0.011272   1.53309 -0.005872
0.150559	 0.885075 -0.784628 -0.010796   -2.2331 -0.011215   1.53275 -0.005838
0.151559	 0.893889 -0.784603 -0.010748  -2.23294 -0.011156   1.53239 -0.005802
0.152559	 0.902596 -0.784577 -0.010696  -2.23277 -0.011094   1.53202 -0.005766
0.153559	 0.911197 -0.784552 -0.010643  -2.23259  -0.01103   1.53162 -0.005729
0.154559	 0.919695 -0.784527 -0.010588   -2.2324 -0.010965   1.53121  -0.00569
0.155559	 0.928089 -0.784502 -0.010531  -2.23222 -0.010897   1.53079 -0.005651
0.156559	 0.936382 -0.784477 -0.010473  -2.23202 -0.010828   1.53034 -0.005611
0.157559	 0.944573 -0.784452 -0.010412  -2.23182 -0.010756   1.52989  -0.00557
0.158559	 0.952664 -0.784427  -0.01035  -2.23161 -0.010683   1.52941 -0.005528
0.159559	 0.960657 -0.784403 -0.010286   -2.2314 -0.010608   1.52892 -0.005485
0.160559	 0.968551 -0.784378 -0.010221  -2.23118 -0.010532   1.52842 -0.005441
0.161559	 0.976349 -0.784354 -0.010154  -2.23096 -0.010454    1.5279 -0.005397
0.162559	  0.98405  -0.78433 -0.010085  -2.23073 -0.010375   1.52737 -0.005351
0.163559	 0.991657 -0.784306 -0.010015   -2.2305 -0.010294   1.52683 -0.005306
0.164559	  0.99917 -0.784282 -0.009944  -2.23026 -0.010211   1.52627 -0.005259
0.165559	  1.00659 -0.784259 -0.009872  -2.23002 -0.010128    1.5257 -0.005212
0.166559	  1.01392 -0.784236 -0.009798  -2.22977 -0.010043   1.52512 -0.005164
0.167559	  1.02116 -0.784213 -0.009723  -2.22952 -0.009957   1.52453 -0.005116
0.168559	   1.0283  -0.78419 -0.009647  -2.22927  -0.00987   1.52393 -0.005067
0.169559	  1.03536 -0.784168  -0.00957  -2.22901 -0.009783   1.52331 -0.005018
0.170559	  1.04233 -0.784146 -0.009492  -2.22875 -0.009694   1.52269 -0.004968
0.171559	  1.04921 -0.784124 -0.009413  -2.22849 -0.009604   1.52205 -0.004918
0.172559	  1.05601 -0.784103 -0.009333  -2.22822 -0.009513   1.52141 -0.004868
0.173559	  1.06272 -0.784082 -0.009253  -2.22795 -0.009422   1.52075 -0.004817
0.174559	  1.06935 -0.784061 -0.009171  -2.22768  -0.00933   1.52009 -0.004766
0.175559	   1.0759 -0.784041 -0.009089   -2.2274 -0.009237   1.51942 -0.004714
0.176559	  1.08236 -0.784021 -0.009006  -2.22712 -0.009143   1.51874 -0.004662
0.177559	  1.08874 -0.784001 -0.008923  -2.22684 -0.009049   1.51805 -0.004611
0.178559	  1.09504 -0.783982 -0.008838  -2.22655 -0.008955   1.51736 -0.004558
0.179559	  1.10126 -0.783963 -0.008754  -2.22627  -0.00886   1.51665 -0.004506
0.180559	   1.1074 -0.783944 -0.008669  -2.22598 -0.008765   1.51594 -0.004453
0.181559	  1.11347 -0.783926 -0.008583  -2.22568 -0.008669   1.51523 -0.004401
0.182559	  1.11946 -0.783909 -0.008497  -2.22539 -0.008573    1.5145 -0.004348
0.183559	  1.12537 -0.783891 -0.008411   -2.2251 -0.008477   1.51378 -0.004295
0.184559	  1.13121 -0.783874 -0.008324   -2.2248  -0.00838   1.51304 -0.004242
0.185559	  1.13697 -0.783858 -0.008237   -2.2245 -0.008284    1.5123  -0.00419
0.186559	  1.14266 -0.783842  -0.00815   -2.2242 -0.008187   1.51156 -0.004137
0.187559	  1.14828 -0.783826 -0.008062   -2.2239  -0.00809   1.51081 -0.004084
0.188559	  1.15383 -0.783811 -0.007975   -2.2236 -0.007993   1.51005 -0.004031
0.189559	   1.1593 -0.783796 -0.007887  -2.22329 -0.007896    1.5093 -0.003978
0.190559	  1.16471 -0.783782 -0.007799  -2.22299   -0.0078   1.50853 -0.003925
0.191559	  1.17004 -0.783768 -0.007711  -2.22268 -0.007703   1.50777 -0.003873
0.192559	  1.17531 -0.783754 -0.007623  -2.22238 -0.007606     1.507  -0.00382
0.193559	  1.18051 -0.783741 -0.007535  -2.22207  -0.00751   1.50623 -0.003768
0.194559	  1.18565 -0.783729 -0.007448  -2.22176 -0.007413   1.50545 -0.003716
0.195559	  1.19071 -0.783717  -0.00736  -2.22146 -0.007317   1.50467 -0.003664
0.196559	  1.19572 -0.783705 -0.007272  -2.22115 -0.007222   1.50389 -0.003612
0.197559	  1.20066 -0.783694 -0.007185  -2.22084 -0.007126   1.50311  -0.00356
0.198559	  1.20553 -0.783683 -0.007098  -2.22053 -0.007031   1.50232 -0.003509
0.199559	  1.21034 -0.783672  -0.00701  -2.22022 -0.006936   1.50154 -0.003457
0.200559	   1.2151 -0.783662 -0.006924  -2.21991 -0.006842   1.50075 -0.003407
0.201559	  1.21978 -0.783653 -0.006837   -2.2196 -0.006748   1.49996 -0.003356
0.202559	  1.22441 -0.783644 -0.006751  -2.21929 -0.006654   1.49917 -0.003305
0.203559	  1.22898 -0.783635 -0.006665  -2.21898 -0.006561   1.49838 -0.003255
0.204559	  1.23304 -0.783628 -0.006587   -2.2187 -0.006477   1.49766  -0.00321
0.205559	   1.2375  -0.78362 -0.006502  -2.21839 -0.006385   1.49687 -0.003161
0.206559	   1.2419 -0.783612 -0.006417  -2.21808 -0.006293   1.49608 -0.003112
0.207559	  1.24625 -0.783605 -0.006332  -2.21777 -0.006202   1.49528 -0.003063
0.208559	  1.25053 -0.783599 -0.006248  -2.21746 -0.006111   1.49449 -0.003014
0.209559	  1.25476 -0.783593 -0.006164  -2.21715 -0.006021   1.49369 -0.002966
0.210559	  1.25894 -0.783587 -0.006081  -2.21685 -0.005932    1.4929 -0.002918
0.211559	  1.26306 -0.783582 -0.005998  -2.21654 -0.005843   1.49211 -0.002871
0.212559	  1.26713 -0.783577 -0.005916  -2.21623 -0.005755   1.49132 -0.002824
0.213559	  1.27115 -0.783572 -0.005834  -2.21593 -0.005667   1.49053 -0.002777
0.214559	  1.27511 -0.783568 -0.005753  -2.21562 -0.005581   1.48974 -0.002731
0.215559	  1.27902 -0.783564 -0.005672  -2.21532 -0.005494   1.48895 -0.002685
0.216559	  1.28288 -0.783561 -0.005592  -2.21502 -0.005409   1.48816 -0.002639
0.217559	  1.28669 -0.783558 -0.005512  -2.21471 -0.005324   1.48737 -0.002594
0.218559	  1.29046 -0.783556 -0.005433  -2.21441  -0.00524   1.48659  -0.00255
0.219559	  1.29417 -0.783554 -0.005354  -2.21411 -0.005157   1.48581 -0.002505
0.220559	  1.29783 -0.783552 -0.005276  -2.21381 -0.005074   1.48503 -0.002462
0.221559	  1.30145  -0.78355 -0.005199  -2.21352 -0.004992   1.48425 -0.002418
0.222559	  1.30502 -0.783549 -0.005122  -2.21322 -0.004911   1.48347 -0.002375
0.223559	  1.30854 -0.783549 -0.005046  -2.21292 -0.004831    1.4827 -0.002333
0.224559	  1.31202 -0.783548 -0.004971  -2.21263 -0.004752   1.48192 -0.002291
0.225559	  1.31545 -0.783548 -0.004896  -2.21234 -0.004673   1.48115 -0.002249
0.226559	  1.31883 -0.783549 -0.004822  -2.21204 -0.004595   1.48039 -0.002208
0.227559	  1.32218 -0.783549 -0.004749  -2.21175 -0.004518   1.47962 -0.002168
0.228559	  1.32547  -0.78355 -0.004676  -2.21147 -0.004442   1.47886 -0.002127
0.229559	  1.32873 -0.783552 -0.004604  -2.21118 -0.004366    1.4781 -0.002088
0.230559	  1.33194 -0.783553 -0.004533  -2.21089 -0.004292   1.47735 -0.002049
0.231559	  1.33511 -0.783555 -0.004462  -2.21061 -0.004218   1.47659  -0.00201
0.232559	  1.33824 -0.783557 -0.004392  -2.21032 -0.004145   1.47584 -0.001972
0.233559	  1.34133  -0.78356 -0.004323  -2.21004 -0.004073    1.4751 -0.001934
0.234559	  1.34437 -0.783563 -0.004254  -2.20976 -0.004002   1.47436 -0.001896
0.235559	  1.34738 -0.783566 -0.004187  -2.20948 -0.003931   1.47361  -0.00186
0.236559	  1.35035  -0.78357 -0.004119  -2.20921 -0.003861   1.47288 -0.001823
0.237559	  1.35328 -0.783573 -0.004053  -2.20893 -0.003793   1.47215 -0.001787
0.238559	  1.35617 -0.783577 -0.003987  -2.20866 -0.003725   1.47142 -0.001752
0.239559	  1.35902 -0.783582 -0.003923  -2.20838 -0.003658   1.47069 -0.001717
0.240559	  1.36183 -0.783586 -0.003858  -2.20811 -0.003591   1.46997 -0.001682
0.241559	  1.36461 -0.783591 -0.003795  -2.20785 -0.003526   1.46925 -0.001648
0.242559	  1.36735 -0.783596 -0.003732  -2.20758 -0.003461   1.46854 -0.001615
0.243559	  1.37006 -0.783601  -0.00367  -2.20731 -0.003398   1.46783 -0.001582
0.244559	  1.37272 -0.783607 -0.003609  -2.20705 -0.003335   1.46712 -0.001549
0.245559	  1.37536 -0.783612 -0.003548  -2.20679 -0.003273   1.46642 -0.001517
0.246559	  1.37796 -0.783618 -0.003489  -2.20653 -0.003211   1.46572 -0.001485
0.247559	  1.38052 -0.783625 -0.003429  -2.20627 -0.003151   1.46503 -0.001454
0.248559	  1.38305 -0.783631 -0.003371  -2.20601 -0.003092   1.46434 -0.001423
0.249559	  1.38555 -0.783638 -0.003314  -2.20576 -0.003033   1.46366 -0.001393
0.250559	  1.38802 -0.783644 -0.003257  -2.20551 -0.002975   1.46298 -0.001363
0.251559	  1.39045 -0.783651 -0.003201  -2.20526 -0.002918    1.4623 -0.001334
0.252559	  1.39285 -0.783659 -0.003145  -2.20501 -0.002861   1.46163 -0.001305
0.253559	  1.39522 -0.783666  -0.00309  -2.20476 -0.002806   1.46096 -0.001276
0.254559	  1.39756 -0.783673 -0.003036  -2.20451 -0.002751    1.4603 -0.001248
0.255559	  1.39986 -0.783681 -0.002983  -2.20427 -0.002697   1.45964 -0.001221
0.256559	  1.40214 -0.783689 -0.002931  -2.20403 -0.002644   1.45898 -0.001193
0.257559	  1.40439 -0.783697 -0.002879  -2.20379 -0.002592   1.45833 -0.001167
0.258559	   1.4066 -0.783705 -0.002828  -2.20355 -0.002541   1.45769  -0.00114
0.259559	  1.40879 -0.783714 -0.002777  -2.20331  -0.00249   1.45705 -0.001114
0.260559	  1.41095 -0.783722 -0.002727  -2.20308  -0.00244   1.45641 -0.001089
0.261559	  1.41308 -0.783731 -0.002678  -2.20285 -0.002391   1.45578 -0.001064
0.262559	  1.41518  -0.78374  -0.00263  -2.20262 -0.002342   1.45515 -0.001039
0.263559	  1.41725 -0.783749 -0.002582  -2.20239 -0.002295   1.45453 -0.001015
0.264559	   1.4193 -0.783758 -0.002535  -2.20216 -0.002248   1.45392 -0.000992
0.265559	  1.42132 -0.783767 -0.002489  -2.20194 -0.002202    1.4533 -0.000968
0.266559	  1.42331 -0.783776 -0.002443  -2.20171 -0.002156   1.45269 -0.000945
0.267559	  1.42527 -0.783786 -0.002399  -2.20149 -0.002112   1.45209 -0.000923
0.268559	  1.42721 -0.783795 -0.002354  -2.20127 -0.002068   1.45149 -0.000901
0.269559	  1.42913 -0.783805 -0.002311  -2.20106 -0.002024    1.4509 -0.000879
0.270559	  1.43102 -0.783815 -0.002268  -2.20084 -0.001982   1.45031 -0.000857
0.271559	  1.43288 -0.783824 -0.002225  -2.20063  -0.00194   1.44972 -0.000836
0.272559	  1.43472 -0.783834 -0.002184  -2.20041 -0.001899   1.44914 -0.000816
0.273559	  1.43653 -0.783844 -0.002143   -2.2002 -0.001858   1.44857 -0.000796
0.274559	  1.43833 -0.783854 -0.002102      -2.2 -0.001819     1.448 -0.000776
0.275559	  1.44009 -0.783864 -0.002062  -2.19979  -0.00178   1.44743 -0.000756
0.276559	  1.44183 -0.783875 -0.002023  -2.19959 -0.001741   1.44687 -0.000737
0.277559	  1.44356 -0.783885 -0.001985  -2.19938 -0.001704   1.44631 -0.000718
0.278559	  1.44525 -0.783895 -0.001947  -2.19918 -0.001666   1.44576   -0.0007
0.279559	  1.44693 -0.783906 -0.001909  -2.19898  -0.00163   1.44522 -0.000682
0.280559	  1.44858 -0.783916 -0.001872  -2.19879 -0.001594   1.44467 -0.000664
0.281559	  1.45021 -0.783927 -0.001836  -2.19859 -0.001559   1.44414 -0.000647
0.282559	  1.45182 -0.783937 -0.001801   -2.1984 -0.001524    1.4436  -0.00063
0.283559	  1.45341 -0.783948 -0.001766  -2.19821 -0.001491   1.44308 -0.000613
0.284559	  1.45498 -0.783958 -0.001731  -2.19802 -0.001457   1.44255 -0.000596
0.285559	  1.45652 -0.783969 -0.001697  -2.19783 -0.001424   1.44203  -0.00058
0.286559	  1.45805  -0.78398 -0.001664  -2.19764 -0.001392   1.44152 -0.000565
0.287559	  1.45955  -0.78399 -0.001631  -2.19746 -0.001361   1.44101 -0.000549
0.288559	  1.46104 -0.784001 -0.001599  -2.19728  -0.00133    1.4405 -0.000534
0.289559	   1.4625 -0.784012 -0.001567   -2.1971 -0.001299      1.44 -0.000519
0.290559	  1.46395 -0.784023 -0.001536  -2.19692  -0.00127   1.43951 -0.000505
0.291559	  1.46538 -0.784034 -0.001506  -2.19674  -0.00124   1.43902  -0.00049
0.292559	  1.46678 -0.784044 -0.001476  -2.19656 -0.001212   1.43853 -0.000477
0.293559	  1.46817 -0.784055 -0.001446  -2.19639 -0.001183   1.43805 -0.000463
0.294559	  1.46954 -0.784066 -0.001417  -2.19622 -0.001156   1.43757  -0.00045
0.295559	   1.4709 -0.784077 -0.001388  -2.19605 -0.001129    1.4371 -0.000436
0.296559	  1.47223 -0.784088  -0.00136  -2.19588 -0.001102   1.43663 -0.000424
0.297559	  1.47355 -0.784099 -0.001333  -2.19571 -0.001076   1.43616 -0.000411
0.298559	  1.47485 -0.784109 -0.001306  -2.19555  -0.00105    1.4357 -0.000399
0.299559	  1.47613  -0.78412 -0.001279  -2.19538 -0.001025   1.43525 -0.000387
0.300559	  1.47739 -0.784131 -0.001253  -2.19522 -0.001001    1.4348 -0.000375
0.301559	  1.47864 -0.784142 -0.001227  -2.19506 -0.000977   1.43435 -0.000364
0.302559	  1.47987 -0.784153 -0.001202   -2.1949 -0.000953   1.43391 -0.000352
0.303559	  1.48109 -0.784164 -0.001177  -2.19475  -0.00093   1.43347 -0.000341
0.304559	  1.48229 -0.784174 -0.001153  -2.19459 -0.000907   1.43304 -0.000331
0.305559	  1.48347 -0.784185 -0.001129  -2.19444 -0.000885   1.43261  -0.00032
0.306559	  1.48464 -0.784196 -0.001105  -2.19428 -0.000863   1.43218  -0.00031
0.307559	  1.48579 -0.784207 -0.001082  -2.19413 -0.000842   1.43176   -0.0003
0.308559	  1.48693 -0.784217  -0.00106  -2.19398 -0.000821   1.43135  -0.00029
0.309559	  1.48805 -0.784228 -0.001037  -2.19384   -0.0008   1.43093  -0.00028
0.310559	  1.48915 -0.784239 -0.001016  -2.19369  -0.00078   1.43053 -0.000271
0.311559	  1.49024 -0.784249 -0.000994  -2.19355  -0.00076   1.43012 -0.000262
0.312559	  1.49132  -0.78426 -0.000973   -2.1934 -0.000741   1.42972 -0.000253
0.313559	  1.49238  -0.78427 -0.000953  -2.19326 -0.000722   1.42932 -0.000244
0.314559	  1.49343 -0.784281 -0.000932  -2.19312 -0.000704   1.42893 -0.000235
0.315559	  1.49447 -0.784291 -0.000912  -2.19298 -0.000686   1.42855 -0.000227
0.316559	  1.49549 -0.784302 -0.000893  -2.19285 -0.000668   1.42816 -0.000219
0.317559	  1.49649 -0.784312 -0.000874  -2.19271  -0.00065   1.42778 -0.000211
0.318559	  1.49749 -0.784322 -0.000855  -2.19258 -0.000633   1.42741 -0.000203
0.319559	  1.49847 -0.784333 -0.000837  -2.19245 -0.000617   1.42704 -0.000196
0.320559	  1.49944 -0.784343 -0.000819  -2.19231 -0.000601   1.42667 -0.000188
0.321559	  1.50039 -0.784353 -0.000801  -2.19219 -0.000585    1.4263 -0.000181
0.322559	  1.50133 -0.784363 -0.000784  -2.19206 -0.000569   1.42594 -0.000174
0.323559	  1.50226 -0.784373 -0.000767  -2.19193 -0.000554   1.42559 -0.000167
0.324559	  1.50318 -0.784384  -0.00075  -2.19181 -0.000539   1.42523 -0.000161
0.325559	  1.50408 -0.784394 -0.000734  -2.19168 -0.000524   1.42488 -0.000154
0.326559	  1.50497 -0.784404 -0.000717  -2.19156  -0.00051   1.42454 -0.000148
0.327559	  1.50585 -0.784413 -0.000702  -2.19144 -0.000496    1.4242 -0.000141
0.328559	  1.50672 -0.784423 -0.000686  -2.19132 -0.000482   1.42386 -0.000135
0.329559	  1.50758 -0.784433 -0.000671   -2.1912 -0.000469   1.42353 -0.000129
0.330559	  1.50843 -0.784443 -0.000656  -2.19108 -0.000456    1.4232 -0.000124
0.331559	  1.50926 -0.784452 -0.000642  -2.19097 -0.000443   1.42287 -0.000118
0.332559	  1.51008 -0.784462 -0.000628  -2.19085 -0.000431   1.42255 -0.000113
0.333559	   1.5109 -0.784472 -0.000614  -2.19074 -0.000419   1.42223 -0.000107
0.334559	   1.5117 -0.784481   -0.0006  -2.19063 -0.000407   1.42191 -0.000102
0.335559	  1.51249 -0.784491 -0.000586  -2.19052 -0.000395    1.4216  -9.7e-05
0.336559	  1.51327   -0.7845 -0.000573  -2.19041 -0.000384   1.42129  -9.2e-05
0.337559	  1.51404 -0.784509  -0.00056   -2.1903 -0.000372   1.42098  -8.8e-05
0.338559	   1.5148 -0.784519 -0.000548  -2.19019 -0.000362   1.42068  -8.3e-05
0.339559	  1.51555 -0.784528 -0.000535  -2.19009 -0.000351   1.42038  -7.8e-05
0.340559	  1.51629 -0.784537 -0.000523  -2.18998 -0.000341   1.42008  -7.4e-05
0.341559	  1.51702 -0.784546 -0.000511  -2.18988  -0.00033   1.41979    -7e-05
0.342559	  1.51774 -0.784555   -0.0005  -2.18978 -0.000321    1.4195  -6.6e-05
0.343559	  1.51845 -0.784564 -0.000488  -2.18967 -0.000311   1.41922  -6.2e-05
0.344559	  1.51915 -0.784573 -0.000477  -2.18958 -0.000301   1.41893  -5.8e-05
0.345559	  1.51984 -0.784582 -0.000466  -2.18948 -0.000292   1.41865  -5.4e-05
0.346559	  1.52052 -0.784591 -0.000456  -2.18938 -0.000283   1.41838    -5e-05
0.347559	   1.5212 -0.784599 -0.000445  -2.18928 -0.000274    1.4181  -4.6e-05
0.348559	  1.52186 -0.784608 -0.000435  -2.18919 -0.000266   1.41783  -4.3e-05
0.349559	  1.52252 -0.784616 -0.000425  -2.18909 -0.000257   1.41757    -4e-05
0.350559	  1.52316 -0.784625 -0.000415    -2.189 -0.000249    1.4173  -3.6e-05
0.351559	   1.5238 -0.784633 -0.000405  -2.18891 -0.000241   1.41704  -3.3e-05
0.352559	  1.52443 -0.784642 -0.000396  -2.18882 -0.000234   1.41678    -3e-05
0.353559	  1.52505  -0.78465 -0.000387  -2.18873 -0.000226   1.41653  -2.7e-05
0.354559	  1.52566 -0.784658 -0.000378  -2.18864 -0.000219   1.41627  -2.4e-05
0.355559	  1.52627 -0.784666 -0.000369  -2.18855 -0.000211   1.41603  -2.1e-05
0.356559	  1.52686 -0.784674  -0.00036  -2.18846 -0.000204   1.41578  -1.8e-05
0.357559	  1.52745 -0.784683 -0.000352  -2.18838 -0.000197   1.41554  -1.6e-05
0.358559	  1.52803  -0.78469 -0.000343  -2.18829 -0.000191   1.41529  -1.3e-05
0.359559	  1.52861 -0.784698 -0.000335  -2.18821 -0.000184   1.41506  -1.1e-05
0.360559	  1.52917 -0.784706 -0.000327  -2.18813 -0.000178   1.41482    -8e-06
0.361559	  1.52973 -0.784714  -0.00032  -2.18804 -0.000172   1.41459    -6e-06
0.362559	  1.53028 -0.784722 -0.000312  -2.18796 -0.000166   1.41436    -4e-06
0.363559	  1.53082 -0.784729 -0.000305  -2.18788  -0.00016   1.41413    -1e-06
0.364559	  1.53136 -0.784737 -0.000297  -2.18781 -0.000154   1.41391     1e-06
0.365559	  1.53189 -0.784744  -0.00029  -2.18773 -0.000148   1.41369     3e-06
0.366559	  1.53241 -0.784752 -0.000283  -2.18765 -0.000143   1.41347     5e-06
0.367559	  1.53292 -0.784759 -0.000276  -2.18757 -0.000137   1.41325     7e-06
0.368559	  1.53343 -0.784766  -0.00027   -2.1875 -0.000132   1.41304     8e-06
0.369559	  1.53393 -0.784774 -0.000263  -2.18743 -0.000127   1.41282     1e-05
0.370559	  1.53442 -0.784781 -0.000257  -2.18735 -0.000122   1.41261   1.2e-05
0.371559	  1.53491 -0.784788 -0.000251  -2.18728 -0.000118   1.41241   1.4e-05
0.372559	  1.53539 -0.784795 -0.000244  -2.18721 -0.000113    1.4122   1.5e-05
0.373559	  1.53587 -0.784802 -0.000238  -2.18714 -0.000108     1.412   1.7e-05
0.374559	  1.53634 -0.784809 -0.000233  -2.18707 -0.000104    1.4118   1.8e-05
0.375559	   1.5368 -0.784816 -0.000227    -2.187   -0.0001   1.41161     2e-05
0.376559	  1.53725 -0.784822 -0.000221  -2.18693  -9.5e-05   1.41141   2.1e-05
0.377559	   1.5377 -0.784829 -0.000216  -2.18686  -9.1e-05   1.41122   2.2e-05
0.378559	  1.53815 -0.784836 -0.000211   -2.1868  -8.7e-05   1.41103   2.4e-05
0.379559	  1.53858 -0.784842 -0.000205  -2.18673  -8.4e-05   1.41084   2.5e-05
0.380559	  1.53902 -0.784849   -0.0002  -2.18667    -8e-05   1.41066   2.6e-05
0.381559	  1.53944 -0.784855 -0.000195   -2.1866  -7.6e-05   1.41047   2.7e-05
0.382559	  1.53986 -0.784862  -0.00019  -2.18654  -7.3e-05   1.41029   2.8e-05
0.383559	  1.54028 -0.784868 -0.000186  -2.18648  -6.9e-05   1.41012   2.9e-05
0.384559	  1.54069 -0.784874 -0.000181  -2.18642  -6.6e-05   1.40994     3e-05
0.385763	  1.54109  -0.78488 -0.000176  -2.18635  -6.3e-05   1.40976   3.1e-05
0.386763	  1.54149 -0.784887 -0.000172  -2.18629    -6e-05   1.40959   3.2e-05
0.387763	  1.54188 -0.784893 -0.000168  -2.18623  -5.6e-05   1.40942   3.3e-05
0.388763	  1.54227 -0.784899 -0.000163  -2.18617  -5.3e-05   1.40925   3.4e-05
0.389763	  1.54265 -0.784905 -0.000159  -2.18612  -5.1e-05   1.40909   3.5e-05
0.390763	  1.54303 -0.784911 -0.000155  -2.18606  -4.8e-05   1.40892   3.5e-05
0.391763	   1.5434 -0.784916 -0.000151    -2.186  -4.5e-05   1.40876   3.6e-05
0.392763	  1.54377 -0.784922 -0.000147  -2.18595  -4.2e-05    1.4086   3.7e-05
0.393763	  1.54413 -0.784928 -0.000144  -2.18589    -4e-05   1.40844   3.8e-05
0.394763	  1.54449 -0.784933  -0.00014  -2.18584  -3.7e-05   1.40829   3.8e-05
0.395763	  1.54484 -0.784939 -0.000136  -2.18578  -3.5e-05   1.40813   3.9e-05
0.396763	  1.54519 -0.784945 -0.000133  -2.18573  -3.3e-05   1.40798   3.9e-05
0.397763	  1.54553  -0.78495 -0.000129  -2.18568    -3e-05   1.40783     4e-05
0.398763	  1.54587 -0.784955 -0.000126  -2.18563  -2.8e-05   1.40768     4e-05
0.399763	   1.5462 -0.784961 -0.000123  -2.18557  -2.6e-05   1.40753   4.1e-05
0.400763	  1.54653 -0.784966 -0.000119  -2.18552  -2.4e-05   1.40739   4.1e-05
0.401763	  1.54686 -0.784971 -0.000116  -2.18547  -2.2e-05   1.40725   4.2e-05
0.402763	  1.54718 -0.784977 -0.000113  -2.18542    -2e-05    1.4071   4.2e-05
0.403763	   1.5475 -0.784982  -0.00011  -2.18538  -1.8e-05   1.40696   4.2e-05
0.404763	  1.54781 -0.784987 -0.000107  -2.18533  -1.6e-05   1.40683   4.3e-05
0.405763	  1.54812 -0.784992 -0.000105  -2.18528  -1.4e-05   1.40669   4.3e-05
0.406763	  1.54842 -0.784997 -0.000102  -2.18523  -1.3e-05   1.40655   4.3e-05
0.407763	  1.54872 -0.785002  -9.9e-05  -2.18519  -1.1e-05   1.40642   4.4e-05
0.408763	  1.54902 -0.785007  -9.6e-05  -2.18514    -1e-05   1.40629   4.4e-05
0.409763	  1.54931 -0.785011  -9.4e-05   -2.1851    -8e-06   1.40616   4.4e-05
0.410763	   1.5496 -0.785016  -9.1e-05  -2.18505    -6e-06   1.40603   4.4e-05
0.411763	  1.54988 -0.785021  -8.9e-05  -2.18501    -5e-06   1.40591   4.4e-05
0.412763	  1.55016 -0.785025  -8.6e-05  -2.18496    -4e-06   1.40578   4.5e-05
0.413763	 1.55044 -0.78503 -8.4e-05 -2.18492   -2e-06  1.40566  4.5e-05
0.414763	  1.55071 -0.785035  -8.2e-05  -2.18488    -1e-06   1.40554   4.5e-05
0.415763	  1.55098 -0.785039    -8e-05  -2.18484         0   1.40542   4.5e-05
0.416763	  1.55125 -0.785044  -7.7e-05  -2.18479     1e-06    1.4053   4.5e-05
0.417763	  1.55151 -0.785048  -7.5e-05  -2.18475     3e-06   1.40518   4.5e-05
0.418763	  1.55177 -0.785052  -7.3e-05  -2.18471     4e-06   1.40507   4.5e-05
0.419763	  1.55202 -0.785057  -7.1e-05  -2.18467     5e-06   1.40495   4.5e-05
0.420763	  1.55228 -0.785061  -6.9e-05  -2.18464     6e-06   1.40484   4.5e-05
0.421763	  1.55252 -0.785065  -6.7e-05   -2.1846     7e-06   1.40473   4.5e-05
0.422763	  1.55277 -0.785069  -6.5e-05  -2.18456     8e-06   1.40462   4.5e-05
0.423763	  1.55301 -0.785073  -6.4e-05  -2.18452     9e-06   1.40451   4.5e-05
0.424763	  1.55325 -0.785077  -6.2e-05  -2.18448     1e-05    1.4044   4.5e-05
0.425763	  1.55349 -0.785081    -6e-05  -2.18445   1.1e-05   1.40429   4.5e-05
0.426763	  1.55372 -0.785085  -5.8e-05  -2.18441   1.1e-05   1.40419   4.5e-05
0.427763	  1.55395 -0.785089  -5.7e-05  -2.18437   1.2e-05   1.40409   4.5e-05
0.428763	  1.55417 -0.785093  -5.5e-05  -2.18434   1.3e-05   1.40398   4.5e-05
0.429763	   1.5544 -0.785097  -5.3e-05   -2.1843   1.4e-05   1.40388   4.5e-05
0.430763	  1.55462 -0.785101  -5.2e-05  -2.18427   1.4e-05   1.40378   4.5e-05
0.431763	  1.55483 -0.785104    -5e-05  -2.18423   1.5e-05   1.40369   4.5e-05
0.432763	  1.55505 -0.785108  -4.9e-05   -2.1842   1.6e-05   1.40359   4.5e-05
0.433763	  1.55526 -0.785112  -4.7e-05  -2.18417   1.6e-05   1.40349   4.5e-05
0.434763	  1.55547 -0.785115  -4.6e-05  -2.18413   1.7e-05    1.4034   4.4e-05
0.435763	  1.55567 -0.785119  -4.5e-05   -2.1841   1.8e-05   1.40331   4.4e-05
0.436763	  1.55588 -0.785123  -4.3e-05  -2.18407   1.8e-05   1.40321   4.4e-05
0.437763	  1.55608 -0.785126  -4.2e-05  -2.18404   1.9e-05   1.40312   4.4e-05
0.438763	  1.55627 -0.785129  -4.1e-05  -2.18401   1.9e-05   1.40303   4.4e-05
0.439763	  1.55647 -0.785133    -4e-05  -2.18398     2e-05   1.40295   4.4e-05
0.440763	  1.55666 -0.785136  -3.8e-05  -2.18395     2e-05   1.40286   4.3e-05
0.441763	 1.55685 -0.78514 -3.7e-05 -2.18392  2.1e-05  1.40277  4.3e-05
0.442763	  1.55704 -0.785143  -3.6e-05  -2.18389   2.1e-05   1.40269   4.3e-05
0.443763	  1.55722 -0.785146  -3.5e-05  -2.18386   2.1e-05    1.4026   4.3e-05
0.444763	   1.5574 -0.785149  -3.4e-05  -2.18383   2.2e-05   1.40252   4.3e-05
0.445763	  1.55758 -0.785152  -3.3e-05   -2.1838   2.2e-05   1.40244   4.2e-05
0.447827	  1.55776 -0.785156  -3.2e-05  -2.18377   2.2e-05   1.40236   4.2e-05
0.448827	  1.55794 -0.785159  -3.1e-05  -2.18374   2.3e-05   1.40227   4.2e-05
0.449827	  1.55811 -0.785162    -3e-05  -2.18372   2.3e-05    1.4022   4.2e-05
0.450827	  1.55828 -0.785165  -2.9e-05  -2.18369   2.3e-05   1.40212   4.2e-05
0.451827	  1.55845 -0.785168  -2.8e-05  -2.18366   2.4e-05   1.40204   4.1e-05
0.452827	  1.55861 -0.785171  -2.7e-05  -2.18364   2.4e-05   1.40197   4.1e-05
0.453827	  1.55878 -0.785174  -2.6e-05  -2.18361   2.4e-05   1.40189   4.1e-05
0.454827	  1.55894 -0.785176  -2.6e-05  -2.18358   2.4e-05   1.40182   4.1e-05
0.455827	   1.5591 -0.785179  -2.5e-05  -2.18356   2.4e-05   1.40174     4e-05
0.456827	  1.55925 -0.785182  -2.4e-05  -2.18354   2.5e-05   1.40167     4e-05
0.457827	  1.55941 -0.785185  -2.3e-05  -2.18351   2.5e-05    1.4016     4e-05
0.458827	  1.55956 -0.785188  -2.2e-05  -2.18349   2.5e-05   1.40153     4e-05
0.459827	 1.55971 -0.78519 -2.2e-05 -2.18346  2.5e-05  1.40146  3.9e-05
0.460827	  1.55986 -0.785193  -2.1e-05  -2.18344   2.5e-05   1.40139   3.9e-05
0.461827	  1.56001 -0.785196    -2e-05  -2.18341   2.5e-05   1.40132   3.9e-05
0.462827	  1.56015 -0.785198    -2e-05  -2.18339   2.5e-05   1.40126   3.8e-05
0.463827	   1.5603 -0.785201  -1.9e-05  -2.18337   2.5e-05   1.40119   3.8e-05
0.464827	  1.56044 -0.785203  -1.8e-05  -2.18335   2.6e-05   1.40113   3.8e-05
0.465827	  1.56058 -0.785206  -1.8e-05  -2.18332   2.6e-05   1.40106   3.8e-05
0.466827	  1.56071 -0.785208  -1.7e-05   -2.1833   2.6e-05     1.401   3.7e-05
0.467827	  1.56085 -0.785211  -1.6e-05  -2.18328   2.6e-05   1.40094   3.7e-05
0.468827	  1.56098 -0.785213  -1.6e-05  -2.18326   2.6e-05   1.40088   3.7e-05
0.469827	  1.56111 -0.785216  -1.5e-05  -2.18324   2.6e-05   1.40082   3.7e-05
0.470827	  1.56124 -0.785218  -1.5e-05  -2.18322   2.6e-05   1.40075   3.6e-05
0.471827	 1.56137 -0.78522 -1.4e-05  -2.1832  2.6e-05   1.4007  3.6e-05
0.472827	   1.5615 -0.785223  -1.4e-05  -2.18318   2.6e-05   1.40064   3.6e-05
0.473827	  1.56162 -0.785225  -1.3e-05  -2.18316   2.6e-05   1.40058   3.5e-05
0.474827	  1.56175 -0.785227  -1.3e-05  -2.18314   2.6e-05   1.40052   3.5e-05
0.475827	  1.56187 -0.785229  -1.2e-05  -2.18312   2.6e-05   1.40047   3.5e-05
0.476827	  1.56199 -0.785232  -1.2e-05   -2.1831   2.6e-05   1.40041   3.5e-05
0.477827	  1.56211 -0.785234  -1.1e-05  -2.18308   2.6e-05   1.40036   3.4e-05
0.478827	  1.56222 -0.785236  -1.1e-05  -2.18306   2.6e-05    1.4003   3.4e-05
0.479827	  1.56234 -0.785238    -1e-05  -2.18304   2.6e-05   1.40025   3.4e-05
0.480827	 1.56245 -0.78524   -1e-05 -2.18302  2.6e-05   1.4002  3.3e-05
0.481827	  1.56256 -0.785242    -1e-05  -2.18301   2.5e-05   1.40014   3.3e-05
0.482827	  1.56267 -0.785244    -9e-06  -2.18299   2.5e-05   1.40009   3.3e-05
0.483827	  1.56278 -0.785246    -9e-06  -2.18297   2.5e-05   1.40004   3.3e-05
0.484827	  1.56289 -0.785248    -9e-06  -2.18295   2.5e-05   1.39999   3.2e-05
0.485827	   1.563 -0.78525   -8e-06 -2.18294  2.5e-05  1.39994  3.2e-05
0.486827	   1.5631 -0.785252    -8e-06  -2.18292   2.5e-05   1.39989   3.2e-05
0.487827	   1.5632 -0.785254    -7e-06   -2.1829   2.5e-05   1.39985   3.1e-05
0.488827	  1.56331 -0.785256    -7e-06  -2.18289   2.5e-05    1.3998   3.1e-05
0.489827	  1.56341 -0.785258    -7e-06  -2.18287   2.5e-05   1.39975   3.1e-05
0.490827	  1.56351 -0.785259    -7e-06  -2.18285   2.5e-05    1.3997   3.1e-05
0.491827	   1.5636 -0.785261    -6e-06  -2.18284   2.5e-05   1.39966     3e-05
0.492827	   1.5637 -0.785263    -6e-06  -2.18282   2.4e-05   1.39962     3e-05
0.493827	   1.5638 -0.785265    -6e-06  -2.18281   2.4e-05   1.39957     3e-05
0.494827	  1.56389 -0.785267    -5e-06  -2.18279   2.4e-05   1.39953   2.9e-05
0.495827	  1.56398 -0.785268    -5e-06  -2.18278   2.4e-05   1.39948   2.9e-05
0.496827	 1.56408 -0.78527   -5e-06 -2.18276  2.4e-05  1.39944  2.9e-05
0.497827	  1.56417 -0.785272    -5e-06  -2.18275   2.4e-05    1.3994   2.9e-05
0.498827	  1.56425 -0.785273    -4e-06  -2.18273   2.4e-05   1.39936   2.8e-05
0.499827	  1.56434 -0.785275    -4e-06  -2.18272   2.4e-05   1.39932   2.8e-05
0.500827	  1.56443 -0.785277    -4e-06   -2.1827   2.3e-05   1.39928   2.8e-05
0.501827	  1.56451 -0.785278    -4e-06  -2.18269   2.3e-05   1.39924   2.7e-05
0.502827	  1.5646 -0.78528   -4e-06 -2.18268  2.3e-05   1.3992  2.7e-05
0.503827	  1.56468 -0.785281    -3e-06  -2.18266   2.3e-05   1.39916   2.7e-05
0.504827	  1.56476 -0.785283    -3e-06  -2.18265   2.3e-05   1.39912   2.7e-05
0.505827	  1.56485 -0.785284    -3e-06  -2.18264   2.3e-05   1.39908   2.6e-05
0.506827	  1.56492 -0.785286    -3e-06  -2.18262   2.3e-05   1.39904   2.6e-05
0.507827	    1.565 -0.785287    -3e-06  -2.18261   2.2e-05   1.39901   2.6e-05
0.508827	  1.56508 -0.785289    -2e-06   -2.1826   2.2e-05   1.39897   2.6e-05
0.509827	 1.56516 -0.78529   -2e-06 -2.18258  2.2e-05  1.39893  2.5e-05
0.510827	  1.56523 -0.785292    -2e-06  -2.18257   2.2e-05    1.3989   2.5e-05
0.511827	  1.56531 -0.785293    -2e-06  -2.18256   2.2e-05   1.39886   2.5e-05
0.512827	  1.56538 -0.785294    -2e-06  -2.18255   2.2e-05   1.39883   2.5e-05
0.513827	  1.56546 -0.785296    -2e-06  -2.18254   2.2e-05   1.39879   2.4e-05
0.514827	  1.56553 -0.785297    -1e-06  -2.18253   2.1e-05   1.39876   2.4e-05
0.515827	   1.5656 -0.785298    -1e-06  -2.18251   2.1e-05   1.39873   2.4e-05
0.516827	1.56567 -0.7853  -1e-06 -2.1825 2.1e-05  1.3987 2.3e-05
0.517827	  1.56574 -0.785301    -1e-06  -2.18249   2.1e-05   1.39866   2.3e-05
0.518827	   1.5658 -0.785302    -1e-06  -2.18248   2.1e-05   1.39863   2.3e-05
0.519827	  1.56587 -0.785304    -1e-06  -2.18247   2.1e-05    1.3986   2.3e-05
0.520827	  1.56594 -0.785305    -1e-06  -2.18246     2e-05   1.39857   2.3e-05
0.521827	    1.566 -0.785306    -1e-06  -2.18245     2e-05   1.39854   2.2e-05
0.522827	  1.56607 -0.785307        -0  -2.18244     2e-05   1.39851   2.2e-05
0.523827	  1.56613 -0.785308        -0  -2.18243     2e-05   1.39848   2.2e-05
0.524827	 1.56619 -0.78531       -0 -2.18242    2e-05  1.39845  2.2e-05
0.525827	  1.56625 -0.785311        -0  -2.18241     2e-05   1.39842   2.1e-05
0.526827	  1.56632 -0.785312        -0   -2.1824   1.9e-05   1.39839   2.1e-05
0.527827	  1.56638 -0.785313         0  -2.18239   1.9e-05   1.39836   2.1e-05
0.528827	  1.56644 -0.785314         0  -2.18238   1.9e-05   1.39833   2.1e-05
0.529827	  1.56649 -0.785315         0  -2.18237   1.9e-05   1.39831     2e-05
0.530827	  1.56655 -0.785316         0  -2.18236   1.9e-05   1.39828     2e-05
0.531827	  1.56661 -0.785318         0  -2.18235   1.9e-05   1.39825     2e-05
0.532827	  1.56666 -0.785319         0  -2.18234   1.8e-05   1.39823     2e-05
0.533827	 1.56672 -0.78532        0 -2.18233  1.8e-05   1.3982  1.9e-05
0.534827	  1.56678 -0.785321     1e-06  -2.18232   1.8e-05   1.39817   1.9e-05
0.535827	  1.56683 -0.785322     1e-06  -2.18231   1.8e-05   1.39815   1.9e-05
0.536827	  1.56688 -0.785323     1e-06   -2.1823   1.8e-05   1.39812   1.9e-05
0.537827	  1.56693 -0.785324     1e-06   -2.1823   1.8e-05    1.3981   1.9e-05
0.538827	  1.56699 -0.785325     1e-06  -2.18229   1.7e-05   1.39807   1.8e-05
0.539827	  1.56704 -0.785326     1e-06  -2.18228   1.7e-05   1.39805   1.8e-05
0.540827	  1.56709 -0.785327     1e-06  -2.18227   1.7e-05   1.39803   1.8e-05
0.541827	  1.56714 -0.785328     1e-06  -2.18226   1.7e-05     1.398   1.8e-05
0.542827	  1.56719 -0.785329     1e-06  -2.18226   1.7e-05   1.39798   1.8e-05
0.543827	  1.56724 -0.785329     1e-06  -2.18225   1.7e-05   1.39796   1.7e-05
0.544827	 1.56728 -0.78533    1e-06 -2.18224  1.6e-05  1.39793  1.7e-05
0.545827	  1.56733 -0.785331     1e-06  -2.18223   1.6e-05   1.39791   1.7e-05
0.546827	  1.56738 -0.785332     1e-06  -2.18222   1.6e-05   1.39789   1.7e-05
0.547827	  1.56742 -0.785333     1e-06  -2.18222   1.6e-05   1.39787   1.7e-05
0.548827	  1.56747 -0.785334     1e-06  -2.18221   1.6e-05   1.39785   1.6e-05
0.549827	  1.56751 -0.785335     1e-06   -2.1822   1.6e-05   1.39783   1.6e-05
0.550827	  1.56756 -0.785336     1e-06  -2.18219   1.5e-05    1.3978   1.6e-05
0.551827	   1.5676 -0.785336     1e-06  -2.18219   1.5e-05   1.39778   1.6e-05
0.552827	  1.56764 -0.785337     1e-06  -2.18218   1.5e-05   1.39776   1.6e-05
0.553827	  1.56769 -0.785338     1e-06  -2.18217   1.5e-05   1.39774   1.5e-05
0.554827	  1.56773 -0.785339     1e-06  -2.18217   1.5e-05   1.39772   1.5e-05
0.555827	 1.56777 -0.78534    1e-06 -2.18216  1.5e-05   1.3977  1.5e-05
0.556827	 1.56781 -0.78534    2e-06 -2.18215  1.5e-05  1.39769  1.5e-05
0.557827	  1.56785 -0.785341     2e-06  -2.18215   1.4e-05   1.39767   1.5e-05
0.558827	  1.56789 -0.785342     2e-06  -2.18214   1.4e-05   1.39765   1.5e-05
0.559827	  1.56793 -0.785343     2e-06  -2.18213   1.4e-05   1.39763   1.4e-05
0.560827	  1.56797 -0.785343     2e-06  -2.18213   1.4e-05   1.39761   1.4e-05
0.561827	  1.56801 -0.785344     2e-06  -2.18212   1.4e-05   1.39759   1.4e-05
0.562827	  1.56804 -0.785345     2e-06  -2.18212   1.4e-05   1.39757   1.4e-05
0.563827	  1.56808 -0.785346     2e-06  -2.18211   1.4e-05   1.39756   1.4e-05
0.564827	  1.56812 -0.785346     2e-06   -2.1821   1.3e-05   1.39754   1.4e-05
0.565827	  1.56815 -0.785347     2e-06   -2.1821   1.3e-05   1.39752   1.3e-05
0.566827	  1.56819 -0.785348     2e-06  -2.18209   1.3e-05   1.39751   1.3e-05
0.567827	  1.56822 -0.785348     2e-06  -2.18208   1.3e-05   1.39749   1.3e-05
0.568827	  1.56826 -0.785349     2e-06  -2.18208   1.3e-05   1.39747   1.3e-05
0.569827	 1.56829 -0.78535    2e-06 -2.18207  1.3e-05  1.39746  1.3e-05
0.570827	 1.56833 -0.78535    2e-06 -2.18207  1.3e-05  1.39744  1.3e-05
0.571827	  1.56836 -0.785351     2e-06  -2.18206   1.2e-05   1.39742   1.2e-05
0.572827	  1.56839 -0.785352     2e-06  -2.18206   1.2e-05   1.39741   1.2e-05
0.573827	  1.56842 -0.785352     2e-06  -2.18205   1.2e-05   1.39739   1.2e-05
0.574827	  1.56846 -0.785353     2e-06  -2.18205   1.2e-05   1.39738   1.2e-05
0.575827	  1.56849 -0.785353     2e-06  -2.18204   1.2e-05   1.39736   1.2e-05
0.576827	  1.56852 -0.785354     2e-06  -2.18204   1.2e-05   1.39735   1.2e-05
0.577827	  1.56855 -0.785355     2e-06  -2.18203   1.2e-05   1.39733   1.2e-05
0.578827	  1.56858 -0.785355     2e-06  -2.18203   1.1e-05   1.39732   1.1e-05
0.579827	  1.56861 -0.785356     2e-06  -2.18202   1.1e-05   1.39731   1.1e-05
0.580827	  1.56864 -0.785356     2e-06  -2.18202   1.1e-05   1.39729   1.1e-05
0.581827	  1.56867 -0.785357     2e-06  -2.18201   1.1e-05   1.39728   1.1e-05
0.582827	   1.5687 -0.785357     2e-06  -2.18201   1.1e-05   1.39726   1.1e-05
0.583827	  1.56872 -0.785358     2e-06    -2.182   1.1e-05   1.39725   1.1e-05
0.584827	  1.56875 -0.785358     2e-06    -2.182   1.1e-05   1.39724   1.1e-05
0.585827	  1.56878 -0.785359     2e-06  -2.18199   1.1e-05   1.39722   1.1e-05
0.586827	 1.56881 -0.78536    2e-06 -2.18199    1e-05  1.39721    1e-05
0.587827	 1.56883 -0.78536    2e-06 -2.18199    1e-05   1.3972    1e-05
0.588827	  1.56886 -0.785361     2e-06  -2.18198     1e-05   1.39719     1e-05
0.589827	  1.56889 -0.785361     2e-06  -2.18198     1e-05   1.39718     1e-05
0.590827	  1.56891 -0.785362     2e-06  -2.18197     1e-05   1.39716     1e-05
0.591827	  1.56894 -0.785362     2e-06  -2.18197     1e-05   1.39715     1e-05
0.592827	  1.56896 -0.785363     2e-06  -2.18196     1e-05   1.39714     1e-05
0.593827	  1.56899 -0.785363     2e-06  -2.18196     1e-05   1.39713     1e-05
0.594827	  1.56901 -0.785363     2e-06  -2.18196     1e-05   1.39712     9e-06
0.595827	  1.56903 -0.785364     2e-06  -2.18195     9e-06    1.3971     9e-06
0.596827	  1.56906 -0.785364     2e-06  -2.18195     9e-06   1.39709     9e-06
0.597827	  1.56908 -0.785365     2e-06  -2.18194     9e-06   1.39708     9e-06
0.598827	   1.5691 -0.785365     2e-06  -2.18194     9e-06   1.39707     9e-06
0.599827	  1.56913 -0.785366     2e-06  -2.18194     9e-06   1.39706     9e-06
0.600827	  1.56915 -0.785366     2e-06  -2.18193     9e-06   1.39705     9e-06
0.601827	  1.56917 -0.785367     2e-06  -2.18193     9e-06   1.39704     9e-06
0.602827	  1.56919 -0.785367     2e-06  -2.18193     9e-06   1.39703     9e-06
0.603827	  1.56922 -0.785367     2e-06  -2.18192     9e-06   1.39702     8e-06
0.604827	  1.56924 -0.785368     2e-06  -2.18192     8e-06   1.39701     8e-06
0.605827	  1.56926 -0.785368     2e-06  -2.18192     8e-06     1.397     8e-06
0.606827	  1.56928 -0.785369     2e-06  -2.18191     8e-06   1.39699     8e-06
0.607827	   1.5693 -0.785369     2e-06  -2.18191     8e-06   1.39698     8e-06
0.608827	  1.56932 -0.785369     2e-06   -2.1819     8e-06   1.39697     8e-06
0.609827	 1.56934 -0.78537    2e-06  -2.1819    8e-06  1.39696    8e-06
0.610827	 1.56936 -0.78537    2e-06  -2.1819    8e-06  1.39695    8e-06
0.611827	  1.56938 -0.785371     1e-06   -2.1819     8e-06   1.39694     8e-06
0.612827	   1.5694 -0.785371     1e-06  -2.18189     8e-06   1.39693     8e-06
0.613827	  1.56942 -0.785371     1e-06  -2.18189     8e-06   1.39692     7e-06
0.614827	  1.56943 -0.785372     1e-06  -2.18189     8e-06   1.39691     7e-06
0.615827	  1.56945 -0.785372     1e-06  -2.18188     7e-06   1.39691     7e-06
0.616827	  1.56947 -0.785372     1e-06  -2.18188     7e-06    1.3969     7e-06
0.617827	  1.56949 -0.785373     1e-06  -2.18188     7e-06   1.39689     7e-06
0.618827	  1.56951 -0.785373     1e-06  -2.18187     7e-06   1.39688     7e-06
0.619827	  1.56952 -0.785373     1e-06  -2.18187     7e-06   1.39687     7e-06
0.620827	  1.56954 -0.785374     1e-06  -2.18187     7e-06   1.39686     7e-06
0.621827	  1.56956 -0.785374     1e-06  -2.18187     7e-06   1.39685     7e-06
0.622827	  1.56957 -0.785374     1e-06  -2.18186     7e-06   1.39685     7e-06
0.623827	  1.56959 -0.785375     1e-06  -2.18186     7e-06   1.39684     7e-06
0.624827	  1.56961 -0.785375     1e-06  -2.18186     7e-06   1.39683     6e-06
0.625827	  1.56962 -0.785375     1e-06  -2.18186     7e-06   1.39682     6e-06
0.626827	  1.56964 -0.785376     1e-06  -2.18185     6e-06   1.39682     6e-06
0.627827	  1.56965 -0.785376     1e-06  -2.18185     6e-06   1.39681     6e-06
0.628827	  1.56967 -0.785376     1e-06  -2.18185     6e-06    1.3968     6e-06
0.629827	  1.56968 -0.785377     1e-06  -2.18185     6e-06    1.3968     6e-06
0.630827	   1.5697 -0.785377     1e-06  -2.18184     6e-06   1.39679     6e-06
0.631827	  1.56971 -0.785377     1e-06  -2.18184     6e-06   1.39678     6e-06
0.632827	  1.56973 -0.785377     1e-06  -2.18184     6e-06   1.39677     6e-06
0.633827	  1.56974 -0.785378     1e-06  -2.18184     6e-06   1.39677     6e-06
0.634827	  1.56976 -0.785378     1e-06  -2.18183     6e-06   1.39676     6e-06
0.635827	  1.56977 -0.785378     1e-06  -2.18183     6e-06   1.39675     6e-06
0.636827	  1.56978 -0.785378     1e-06  -2.18183     6e-06   1.39675     6e-06
0.637827	   1.5698 -0.785379     1e-06  -2.18183     6e-06   1.39674     5e-06
0.638827	  1.56981 -0.785379     1e-06  -2.18182     6e-06   1.39673     5e-06
0.639827	  1.56983 -0.785379     1e-06  -2.18182     6e-06   1.39673     5e-06
0.640827	  1.56984 -0.785379     1e-06  -2.18182     5e-06   1.39672     5e-06
0.641827	 1.56985 -0.78538    1e-06 -2.18182    5e-06  1.39671    5e-06
0.642827	 1.56986 -0.78538    1e-06 -2.18182    5e-06  1.39671    5e-06
0.643827	 1.56988 -0.78538    1e-06 -2.18181    5e-06   1.3967    5e-06
0.644827	 1.56989 -0.78538    1e-06 -2.18181    5e-06   1.3967    5e-06
0.645827	   1.5699 -0.785381     1e-06  -2.18181     5e-06   1.39669     5e-06
0.646827	  1.56991 -0.785381     1e-06  -2.18181     5e-06   1.39669     5e-06
0.647827	  1.56993 -0.785381     1e-06  -2.18181     5e-06   1.39668     5e-06
0.648827	  1.56994 -0.785381     1e-06   -2.1818     5e-06   1.39667     5e-06
0.649827	  1.56995 -0.785382     1e-06   -2.1818     5e-06   1.39667     5e-06
0.650827	  1.56996 -0.785382     1e-06   -2.1818     5e-06   1.39666     5e-06
0.651827	  1.56997 -0.785382     1e-06   -2.1818     5e-06   1.39666     5e-06
0.652827	  1.56998 -0.785382     1e-06   -2.1818     5e-06   1.39665     4e-06
0.653827	  1.56999 -0.785383     1e-06  -2.18179     5e-06   1.39665     4e-06
0.654827	     1.57 -0.785383     1e-06  -2.18179     5e-06   1.39664     4e-06
0.655827	  1.57001 -0.785383     1e-06  -2.18179     5e-06   1.39664     4e-06
0.656827	  1.57002 -0.785383     1e-06  -2.18179     4e-06   1.39663     4e-06
0.657827	  1.57004 -0.785383     1e-06  -2.18179     4e-06   1.39663     4e-06
0.658827	  1.57004 -0.785384     1e-06  -2.18179     4e-06   1.39662     4e-06
0.659827	  1.57005 -0.785384     1e-06  -2.18178     4e-06   1.39662     4e-06
0.660827	  1.57007 -0.785384     1e-06  -2.18178     4e-06   1.39661     4e-06
0.661827	  1.57008 -0.785384     1e-06  -2.18178     4e-06   1.39661     4e-06
0.662827	  1.57008 -0.785384     1e-06  -2.18178     4e-06    1.3966     4e-06
0.663827	  1.57009 -0.785384     1e-06  -2.18178     4e-06    1.3966     4e-06
0.664827	   1.5701 -0.785385     1e-06  -2.18178     4e-06    1.3966     4e-06
0.665827	  1.57011 -0.785385     1e-06  -2.18177     4e-06   1.39659     4e-06
0.666827	  1.57012 -0.785385     1e-06  -2.18177     4e-06   1.39659     4e-06
0.667827	  1.57013 -0.785385     1e-06  -2.18177     4e-06   1.39658     4e-06
0.668827	  1.57014 -0.785385     1e-06  -2.18177     4e-06   1.39658     4e-06
0.669827	  1.57015 -0.785386     1e-06  -2.18177     4e-06   1.39657     4e-06
0.670827	  1.57016 -0.785386     1e-06  -2.18177     4e-06   1.39657     4e-06
0.671827	  1.57017 -0.785386     1e-06  -2.18177     4e-06   1.39657     3e-06
0.672827	  1.57018 -0.785386     1e-06  -2.18176     4e-06   1.39656     3e-06
0.673827	  1.57018 -0.785386     1e-06  -2.18176     4e-06   1.39656     3e-06
0.674827	  1.57019 -0.785386     1e-06  -2.18176     4e-06   1.39655     3e-06
0.675827	   1.5702 -0.785387     1e-06  -2.18176     3e-06   1.39655     3e-06
0.676827	  1.57021 -0.785387     1e-06  -2.18176     3e-06   1.39654     3e-06
0.677827	  1.57021 -0.785387     1e-06  -2.18176     3e-06   1.39654     3e-06
0.678827	  1.57022 -0.785387     1e-06  -2.18176     3e-06   1.39654     3e-06
0.679827	  1.57023 -0.785387     1e-06  -2.18175     3e-06   1.39653     3e-06
0.680827	  1.57024 -0.785387     1e-06  -2.18175     3e-06   1.39653     3e-06
0.681827	  1.57025 -0.785387     1e-06  -2.18175     3e-06   1.39653     3e-06
0.682827	  1.57025 -0.785388     1e-06  -2.18175     3e-06   1.39652     3e-06
0.683827	  1.57026 -0.785388     1e-06  -2.18175     3e-06   1.39652     3e-06
0.684827	  1.57027 -0.785388     1e-06  -2.18175     3e-06   1.39652     3e-06
0.685827	  1.57028 -0.785388     1e-06  -2.18175     3e-06   1.39651     3e-06
0.686827	  1.57028 -0.785388     1e-06  -2.18175     3e-06   1.39651     3e-06
0.687827	  1.57029 -0.785388     1e-06  -2.18174     3e-06   1.39651     3e-06
0.688827	   1.5703 -0.785388     1e-06  -2.18174     3e-06    1.3965     3e-06
0.689827	   1.5703 -0.785389     1e-06  -2.18174     3e-06    1.3965     3e-06
0.690827	  1.57031 -0.785389     1e-06  -2.18174     3e-06    1.3965     3e-06
0.691827	  1.57032 -0.785389     1e-06  -2.18174     3e-06   1.39649     3e-06
0.692827	  1.57032 -0.785389     1e-06  -2.18174     3e-06   1.39649     3e-06
0.693827	  1.57033 -0.785389     1e-06  -2.18174     3e-06   1.39649     3e-06
0.694827	  1.57034 -0.785389     1e-06  -2.18174     3e-06   1.39648     3e-06
0.695827	  1.57034 -0.785389     1e-06  -2.18174     3e-06   1.39648     3e-06
0.696827	  1.57035 -0.785389     1e-06  -2.18174     3e-06   1.39648     3e-06
0.697827	 1.57035 -0.78539    1e-06 -2.18174    3e-06  1.39647    2e-06
0.698827	 1.57036 -0.78539    1e-06 -2.18173    3e-06  1.39647    2e-06
0.699827	 1.57037 -0.78539    1e-06 -2.18173    3e-06  1.39647    2e-06
0.700827	 1.57037 -0.78539    1e-06 -2.18173    3e-06  1.39647    2e-06
0.701827	 1.57038 -0.78539    1e-06 -2.18173    2e-06  1.39646    2e-06
0.702827	 1.57038 -0.78539    1e-06 -2.18173    2e-06  1.39646    2e-06
0.703827	 1.57039 -0.78539    1e-06 -2.18173    2e-06  1.39646    2e-06
0.704827	 1.57039 -0.78539    1e-06 -2.18173    2e-06  1.39646    2e-06
0.705827	  1.5704 -0.78539    1e-06 -2.18173    2e-06  1.39645    2e-06
0.706827	   1.5704 -0.785391     1e-06  -2.18173     2e-06   1.39645     2e-06
0.707827	  1.57041 -0.785391     1e-06  -2.18173     2e-06   1.39645     2e-06
0.708827	  1.57041 -0.785391     1e-06  -2.18173     2e-06   1.39645     2e-06
0.709827	  1.57042 -0.785391     1e-06  -2.18172     2e-06   1.39644     2e-06
0.710827	  1.57042 -0.785391     1e-06  -2.18172     2e-06   1.39644     2e-06
0.711827	  1.57043 -0.785391     1e-06  -2.18172     2e-06   1.39644     2e-06
0.712827	  1.57044 -0.785391         0  -2.18172     2e-06   1.39644     2e-06
0.713827	  1.57044 -0.785391         0  -2.18172     2e-06   1.39643     2e-06
0.714827	  1.57044 -0.785391         0  -2.18172     2e-06   1.39643     2e-06
0.715827	  1.57045 -0.785391         0  -2.18172     2e-06   1.39643     2e-06
0.716827	  1.57045 -0.785391         0  -2.18172     2e-06   1.39643     2e-06
0.717827	  1.57046 -0.785392         0  -2.18172     2e-06   1.39643     2e-06
0.718827	  1.57046 -0.785392         0  -2.18172     2e-06   1.39642     2e-06
0.719827	  1.57047 -0.785392         0  -2.18172     2e-06   1.39642     2e-06
0.720827	  1.57047 -0.785392         0  -2.18172     2e-06   1.39642     2e-06
0.721827	  1.57048 -0.785392         0  -2.18171     2e-06   1.39642     2e-06
0.722827	  1.57048 -0.785392         0  -2.18171     2e-06   1.39641     2e-06
0.723827	  1.57048 -0.785392         0  -2.18171     2e-06   1.39641     2e-06
0.724827	  1.57049 -0.785392         0  -2.18171     2e-06   1.39641     2e-06
0.726431	  1.57049 -0.785392         0  -2.18171     2e-06   1.39641     2e-06
0.727431	   1.5705 -0.785392         0  -2.18171     2e-06   1.39641     2e-06
0.728431	   1.5705 -0.785392         0  -2.18171     2e-06    1.3964     2e-06
0.729431	  1.57051 -0.785392         0  -2.18171     2e-06    1.3964     2e-06
0.730431	  1.57051 -0.785393         0  -2.18171     2e-06    1.3964     2e-06
0.731431	  1.57051 -0.785393         0  -2.18171     2e-06    1.3964     2e-06
0.732431	  1.57052 -0.785393         0  -2.18171     2e-06    1.3964     2e-06
0.733431	  1.57052 -0.785393         0  -2.18171     2e-06    1.3964     2e-06
0.734431	  1.57052 -0.785393         0  -2.18171     2e-06   1.39639     2e-06
0.735431	  1.57053 -0.785393         0  -2.18171     2e-06   1.39639     2e-06
0.736431	  1.57053 -0.785393         0  -2.18171     2e-06   1.39639     1e-06
0.737431	  1.57054 -0.785393         0  -2.18171     2e-06   1.39639     1e-06
0.738431	  1.57054 -0.785393         0   -2.1817     2e-06   1.39639     1e-06
0.739431	  1.57054 -0.785393         0   -2.1817     2e-06   1.39638     1e-06
0.740431	  1.57055 -0.785393         0   -2.1817     2e-06   1.39638     1e-06
0.741431	  1.57055 -0.785393         0   -2.1817     1e-06   1.39638     1e-06
0.742431	  1.57055 -0.785393         0   -2.1817     1e-06   1.39638     1e-06
0.743431	  1.57055 -0.785393         0   -2.1817     1e-06   1.39638     1e-06
0.744431	  1.57056 -0.785394         0   -2.1817     1e-06   1.39638     1e-06
0.745431	  1.57056 -0.785394         0   -2.1817     1e-06   1.39638     1e-06
0.746431	  1.57056 -0.785394         0   -2.1817     1e-06   1.39637     1e-06
0.747431	  1.57057 -0.785394         0   -2.1817     1e-06   1.39637     1e-06
0.748431	  1.57057 -0.785394         0   -2.1817     1e-06   1.39637     1e-06
0.749431	  1.57057 -0.785394         0   -2.1817     1e-06   1.39637     1e-06
0.750431	  1.57058 -0.785394         0   -2.1817     1e-06   1.39637     1e-06
0.751431	  1.57058 -0.785394         0   -2.1817     1e-06   1.39637     1e-06
0.752431	  1.57058 -0.785394         0   -2.1817     1e-06   1.39637     1e-06
0.753431	  1.57059 -0.785394         0   -2.1817     1e-06   1.39636     1e-06
0.754431	  1.57059 -0.785394         0   -2.1817     1e-06   1.39636     1e-06
0.755431	  1.57059 -0.785394         0  -2.18169     1e-06   1.39636     1e-06
0.756431	  1.57059 -0.785394         0  -2.18169     1e-06   1.39636     1e-06
0.757431	   1.5706 -0.785394         0  -2.18169     1e-06   1.39636     1e-06
0.758431	   1.5706 -0.785394         0  -2.18169     1e-06   1.39636     1e-06
0.759431	   1.5706 -0.785394         0  -2.18169     1e-06   1.39636     1e-06
0.760431	  1.57061 -0.785394         0  -2.18169     1e-06   1.39636     1e-06
0.761431	  1.57061 -0.785394         0  -2.18169     1e-06   1.39635     1e-06
0.762431	  1.57061 -0.785395         0  -2.18169     1e-06   1.39635     1e-06
0.763431	  1.57061 -0.785395         0  -2.18169     1e-06   1.39635     1e-06
0.764431	  1.57062 -0.785395         0  -2.18169     1e-06   1.39635     1e-06
0.765431	  1.57062 -0.785395         0  -2.18169     1e-06   1.39635     1e-06
0.766431	  1.57062 -0.785395         0  -2.18169     1e-06   1.39635     1e-06
0.767431	  1.57062 -0.785395         0  -2.18169     1e-06   1.39635     1e-06
0.768431	  1.57062 -0.785395         0  -2.18169     1e-06   1.39635     1e-06
0.769431	  1.57063 -0.785395         0  -2.18169     1e-06   1.39634     1e-06
0.770431	  1.57063 -0.785395         0  -2.18169     1e-06   1.39634     1e-06
0.771431	  1.57063 -0.785395         0  -2.18169     1e-06   1.39634     1e-06
0.772431	  1.57063 -0.785395         0  -2.18169     1e-06   1.39634     1e-06
0.773431	  1.57064 -0.785395         0  -2.18169     1e-06   1.39634     1e-06
0.774431	  1.57064 -0.785395         0  -2.18169     1e-06   1.39634     1e-06
0.775431	  1.57064 -0.785395         0  -2.18169     1e-06   1.39634     1e-06
0.776431	  1.57064 -0.785395         0  -2.18169     1e-06   1.39634     1e-06
0.777431	  1.57064 -0.785395         0  -2.18169     1e-06   1.39634     1e-06
0.778431	  1.57065 -0.785395         0  -2.18169     1e-06   1.39634     1e-06
0.779431	  1.57065 -0.785395         0  -2.18169     1e-06   1.39633     1e-06
0.780431	  1.57065 -0.785395         0  -2.18169     1e-06   1.39633     1e-06
0.781431	  1.57065 -0.785395         0  -2.18168     1e-06   1.39633     1e-06
0.782431	  1.57065 -0.785395         0  -2.18168     1e-06   1.39633     1e-06
0.783431	  1.57066 -0.785395         0  -2.18168     1e-06   1.39633     1e-06
0.784431	  1.57066 -0.785395         0  -2.18168     1e-06   1.39633     1e-06
0.785431	  1.57066 -0.785395         0  -2.18168     1e-06   1.39633     1e-06
0.786431	  1.57066 -0.785396         0  -2.18168     1e-06   1.39633     1e-06
0.787431	  1.57066 -0.785396         0  -2.18168     1e-06   1.39633     1e-06
0.788431	  1.57066 -0.785396         0  -2.18168     1e-06   1.39633     1e-06
0.789431	  1.57067 -0.785396         0  -2.18168     1e-06   1.39633     1e-06
0.790431	  1.57067 -0.785396         0  -2.18168     1e-06   1.39633     1e-06
0.791431	  1.57067 -0.785396         0  -2.18168     1e-06   1.39632     1e-06
0.792431	  1.57067 -0.785396         0  -2.18168     1e-06   1.39632     1e-06
0.793431	  1.57067 -0.785396         0  -2.18168     1e-06   1.39632     1e-06
0.794431	  1.57068 -0.785396         0  -2.18168     1e-06   1.39632     1e-06
0.795431	  1.57068 -0.785396         0  -2.18168     1e-06   1.39632     1e-06
0.796431	  1.57068 -0.785396         0  -2.18168     1e-06   1.39632     1e-06
0.797431	  1.57068 -0.785396         0  -2.18168     1e-06   1.39632     1e-06
0.798431	  1.57068 -0.785396         0  -2.18168     1e-06   1.39632     1e-06
0.799431	  1.57068 -0.785396         0  -2.18168     1e-06   1.39632     1e-06
0.800431	  1.57068 -0.785396         0  -2.18168     1e-06   1.39632     1e-06
0.801431	  1.57069 -0.785396         0  -2.18168     1e-06   1.39632     1e-06
0.802431	  1.57069 -0.785396         0  -2.18168     1e-06   1.39632     1e-06
0.803431	  1.57069 -0.785396         0  -2.18168     1e-06   1.39631     1e-06
0.804431	  1.57069 -0.785396         0  -2.18168     1e-06   1.39631     1e-06
0.805431	  1.57069 -0.785396         0  -2.18168     1e-06   1.39631     1e-06
0.806431	  1.57069 -0.785396         0  -2.18168     1e-06   1.39631     1e-06
0.807431	  1.57069 -0.785396         0  -2.18168     1e-06   1.39631     1e-06
0.808431	   1.5707 -0.785396         0  -2.18168     1e-06   1.39631     1e-06
0.809431	   1.5707 -0.785396         0  -2.18168     1e-06   1.39631     1e-06
0.810431	   1.5707 -0.785396         0  -2.18168     1e-06   1.39631     1e-06
0.811431	   1.5707 -0.785396         0  -2.18168     1e-06   1.39631     1e-06
0.812431	   1.5707 -0.785396         0  -2.18168     1e-06   1.39631     1e-06
0.813431	   1.5707 -0.785396         0  -2.18168     1e-06   1.39631     1e-06
0.814431	   1.5707 -0.785396         0  -2.18168     1e-06   1.39631     1e-06
0.815431	  1.57071 -0.785396         0  -2.18168     1e-06   1.39631         0
0.816431	  1.57071 -0.785396         0  -2.18168     1e-06   1.39631         0
0.817431	  1.57071 -0.785396         0  -2.18168     1e-06   1.39631         0
0.818431	  1.57071 -0.785396         0  -2.18168     1e-06    1.3963         0
0.819431	  1.57071 -0.785396         0  -2.18168         0    1.3963         0
0.820431	  1.57071 -0.785396         0  -2.18168         0    1.3963         0
0.821431	  1.57071 -0.785397         0  -2.18168         0    1.3963         0
0.822431	  1.57071 -0.785397         0  -2.18167         0    1.3963         0
0.823431	  1.57071 -0.785397         0  -2.18167         0    1.3963         0
0.824431	  1.57072 -0.785397         0  -2.18167         0    1.3963         0
0.825431	  1.57072 -0.785397         0  -2.18167         0    1.3963         0
0.826431	  1.57072 -0.785397         0  -2.18167         0    1.3963         0
0.827431	  1.57072 -0.785397         0  -2.18167         0    1.3963         0
0.828431	  1.57072 -0.785397         0  -2.18167         0    1.3963         0
0.829431	  1.57072 -0.785397         0  -2.18167         0    1.3963         0
0.830431	  1.57072 -0.785397         0  -2.18167         0    1.3963         0
0.831431	  1.57072 -0.785397         0  -2.18167         0    1.3963         0
0.832431	  1.57072 -0.785397         0  -2.18167         0    1.3963         0
0.833431	  1.57072 -0.785397         0  -2.18167         0    1.3963         0
0.834431	  1.57072 -0.785397         0  -2.18167         0    1.3963         0
0.835431	  1.57073 -0.785397         0  -2.18167         0    1.3963         0
0.836431	  1.57073 -0.785397         0  -2.18167         0    1.3963         0
0.837431	  1.57073 -0.785397         0  -2.18167         0    1.3963         0
0.838431	  1.57073 -0.785397         0  -2.18167         0    1.3963         0
0.839431	  1.57073 -0.785397         0  -2.18167         0    1.3963         0
0.840431	  1.57073 -0.785397         0  -2.18167         0    1.3963         0
0.841431	  1.57073 -0.785397         0  -2.18167         0   1.39629         0
0.842431	  1.57073 -0.785397         0  -2.18167         0   1.39629         0
0.843431	  1.57073 -0.785397         0  -2.18167         0   1.39629         0
0.844431	  1.57073 -0.785397         0  -2.18167         0   1.39629         0
0.845431	  1.57073 -0.785397         0  -2.18167         0   1.39629         0
0.846431	  1.57074 -0.785397         0  -2.18167         0   1.39629         0
0.847431	  1.57074 -0.785397         0  -2.18167         0   1.39629         0
0.848431	  1.57074 -0.785397         0  -2.18167         0   1.39629         0
0.849431	  1.57074 -0.785397         0  -2.18167         0   1.39629         0
0.850431	  1.57074 -0.785397         0  -2.18167         0   1.39629         0
0.851431	  1.57074 -0.785397         0  -2.18167         0   1.39629         0
0.852431	  1.57074 -0.785397         0  -2.18167         0   1.39629         0
0.853431	  1.57074 -0.785397         0  -2.18167         0   1.39629         0
0.854431	  1.57074 -0.785397         0  -2.18167         0   1.39629         0
0.855431	  1.57074 -0.785397         0  -2.18167         0   1.39629         0
0.856431	  1.57074 -0.785397         0  -2.18167         0   1.39629         0
0.857431	  1.57074 -0.785397         0  -2.18167         0   1.39629         0
0.858431	  1.57075 -0.785397         0  -2.18167         0   1.39629         0
0.859431	  1.57075 -0.785397         0  -2.18167         0   1.39629         0
0.860431	  1.57075 -0.785397         0  -2.18167         0   1.39629         0
0.861431	  1.57075 -0.785397         0  -2.18167         0   1.39629         0
0.862431	  1.57075 -0.785397         0  -2.18167         0   1.39629         0
0.863431	  1.57075 -0.785397         0  -2.18167         0   1.39629         0
0.864431	  1.57075 -0.785397         0  -2.18167         0   1.39629         0
0.865431	  1.57075 -0.785397         0  -2.18167         0   1.39629         0
0.866431	  1.57075 -0.785397         0  -2.18167         0   1.39629         0
0.867431	  1.57075 -0.785397         0  -2.18167         0   1.39628         0
0.868431	  1.57075 -0.785397         0  -2.18167         0   1.39628         0
0.869431	  1.57075 -0.785397         0  -2.18167         0   1.39628         0
0.870431	  1.57075 -0.785397         0  -2.18167         0   1.39628         0
0.871431	  1.57075 -0.785397         0  -2.18167         0   1.39628         0
0.872431	  1.57075 -0.785397         0  -2.18167         0   1.39628         0
0.873431	  1.57075 -0.785397         0  -2.18167         0   1.39628         0
0.874431	  1.57075 -0.785397         0  -2.18167         0   1.39628         0
0.875431	  1.57075 -0.785397         0  -2.18167         0   1.39628         0
0.876431	  1.57076 -0.785397         0  -2.18167         0   1.39628         0
0.877431	  1.57076 -0.785397         0  -2.18167         0   1.39628         0
0.878431	  1.57076 -0.785397         0  -2.18167         0   1.39628         0
0.879431	  1.57076 -0.785397         0  -2.18167         0   1.39628         0
0.880431	  1.57076 -0.785397         0  -2.18167         0   1.39628         0
0.881431	  1.57076 -0.785397         0  -2.18167         0   1.39628         0
0.882431	  1.57076 -0.785397         0  -2.18167         0   1.39628         0
0.883431	  1.57076 -0.785397         0  -2.18167         0   1.39628         0
0.884431	  1.57076 -0.785397         0  -2.18167         0   1.39628         0
0.885431	  1.57076 -0.785397         0  -2.18167         0   1.39628         0
0.886431	  1.57076 -0.785397         0  -2.18167         0   1.39628         0
0.887431	  1.57076 -0.785397         0  -2.18167         0   1.39628         0
0.888431	  1.57076 -0.785398         0  -2.18167         0   1.39628         0
0.889431	  1.57076 -0.785398         0  -2.18167         0   1.39628         0
0.890431	  1.57076 -0.785398         0  -2.18167         0   1.39628         0
0.891431	  1.57076 -0.785398         0  -2.18167         0   1.39628         0
0.892431	  1.57076 -0.785398         0  -2.18167         0   1.39628         0
0.893431	  1.57076 -0.785398         0  -2.18167         0   1.39628         0
0.894431	  1.57076 -0.785398         0  -2.18167         0   1.39628         0
0.895431	  1.57076 -0.785398         0  -2.18167         0   1.39628         0
0.896431	  1.57076 -0.785398         0  -2.18167         0   1.39628         0
0.897431	  1.57077 -0.785398         0  -2.18167         0   1.39628         0
0.898431	  1.57077 -0.785398         0  -2.18167         0   1.39628         0
0.899431	  1.57077 -0.785398         0  -2.18167         0   1.39628         0
0.900431	  1.57077 -0.785398         0  -2.18167         0   1.39628         0
0.901431	  1.57077 -0.785398         0  -2.18167         0   1.39628         0
0.902431	  1.57077 -0.785398         0  -2.18167         0   1.39628         0
0.903431	  1.57077 -0.785398         0  -2.18167         0   1.39628         0
0.904431	  1.57077 -0.785398         0  -2.18167         0   1.39628         0
0.905431	  1.57077 -0.785398         0  -2.18167         0   1.39628         0
0.906431	  1.57077 -0.785398         0  -2.18167         0   1.39628         0
0.907431	  1.57077 -0.785398         0  -2.18167         0   1.39628         0
0.908431	  1.57077 -0.785398         0  -2.18167         0   1.39628         0
0.909431	  1.57077 -0.785398         0  -2.18167         0   1.39628         0
0.910431	  1.57077 -0.785398         0  -2.18167         0   1.39628         0
0.911431	  1.57077 -0.785398         0  -2.18167         0   1.39627         0
0.912431	  1.57077 -0.785398         0  -2.18167         0   1.39627         0
0.913431	  1.57077 -0.785398         0  -2.18167         0   1.39627         0
0.914431	  1.57077 -0.785398         0  -2.18167         0   1.39627         0
0.915431	  1.57077 -0.785398         0  -2.18167         0   1.39627         0
0.916431	  1.57077 -0.785398         0  -2.18167         0   1.39627         0
0.917431	  1.57077 -0.785398         0  -2.18167         0   1.39627         0
0.918431	  1.57077 -0.785398         0  -2.18167         0   1.39627         0
0.919431	  1.57077 -0.785398         0  -2.18167         0   1.39627         0
0.920431	  1.57077 -0.785398         0  -2.18167         0   1.39627         0
0.921431	  1.57077 -0.785398         0  -2.18167         0   1.39627         0
0.922431	  1.57078 -0.785398         0  -2.18167         0   1.39627         0
0.923431	  1.57078 -0.785398         0  -2.18167         0   1.39627         0
0.924431	  1.57078 -0.785398         0  -2.18167         0   1.39627         0
0.925431	  1.57078 -0.785398         0  -2.18167         0   1.39627         0
0.926431	  1.57078 -0.785398         0  -2.18167         0   1.39627         0
0.927431	  1.57078 -0.785398         0  -2.18167         0   1.39627         0
0.928431	  1.57078 -0.785398         0  -2.18167         0   1.39627         0
0.929431	  1.57078 -0.785398         0  -2.18167         0   1.39627         0
0.930431	  1.57078 -0.785398         0  -2.18167         0   1.39627         0
0.931431	  1.57078 -0.785398         0  -2.18167         0   1.39627         0
0.932431	  1.57078 -0.785398         0  -2.18167         0   1.39627         0
0.933431	  1.57078 -0.785398         0  -2.18167         0   1.39627         0
0.934431	  1.57078 -0.785398         0  -2.18167         0   1.39627         0
0.935431	  1.57078 -0.785398         0  -2.18167         0   1.39627         0
0.936431	  1.57078 -0.785398         0  -2.18167         0   1.39627         0
0.937431	  1.57078 -0.785398         0  -2.18166         0   1.39627         0
0.938431	  1.57078 -0.785398         0  -2.18166         0   1.39627         0
0.939431	  1.57078 -0.785398         0  -2.18166         0   1.39627         0
0.940431	  1.57078 -0.785398         0  -2.18166         0   1.39627         0
0.941431	  1.57078 -0.785398         0  -2.18166         0   1.39627         0
0.942431	  1.57078 -0.785398         0  -2.18166         0   1.39627         0
0.943431	  1.57078 -0.785398         0  -2.18166         0   1.39627         0
0.944431	  1.57078 -0.785398         0  -2.18166         0   1.39627         0
0.945431	  1.57078 -0.785398         0  -2.18166         0   1.39627         0
0.946431	  1.57078 -0.785398         0  -2.18166         0   1.39627         0
0.947431	  1.57078 -0.785398         0  -2.18166         0   1.39627         0
0.948431	  1.57078 -0.785398         0  -2.18166         0   1.39627         0
0.949431	  1.57078 -0.785398         0  -2.18166         0   1.39627         0
0.950431	  1.57078 -0.785398         0  -2.18166         0   1.39627         0
0.951431	  1.57078 -0.785398         0  -2.18166         0   1.39627         0
0.952431	  1.57078 -0.785398         0  -2.18166         0   1.39627         0
0.953431	  1.57078 -0.785398         0  -2.18166         0   1.39627         0
0.954431	  1.57078 -0.785398         0  -2.18166         0   1.39627         0
0.955431	  1.57078 -0.785398         0  -2.18166         0   1.39627         0
0.956431	  1.57078 -0.785398         0  -2.18166         0   1.39627         0
0.957431	  1.57078 -0.785398         0  -2.18166         0   1.39627         0
0.958431	  1.57078 -0.785398         0  -2.18166         0   1.39627         0
0.959431	  1.57078 -0.785398         0  -2.18166         0   1.39627         0
0.960431	  1.57078 -0.785398         0  -2.18166         0   1.39627         0
0.961431	  1.57078 -0.785398         0  -2.18166         0   1.39627         0
0.962431	  1.57078 -0.785398         0  -2.18166         0   1.39627         0
0.963431	  1.57078 -0.785398         0  -2.18166         0   1.39627         0
0.964431	  1.57078 -0.785398         0  -2.18166         0   1.39627         0
0.965431	  1.57078 -0.785398         0  -2.18166         0   1.39627         0
0.966431	  1.57078 -0.785398         0  -2.18166         0   1.39627         0
0.967431	  1.57078 -0.785398         0  -2.18166         0   1.39627         0
0.968431	  1.57079 -0.785398         0  -2.18166         0   1.39627         0
0.969431	  1.57079 -0.785398         0  -2.18166         0   1.39627         0
0.970431	  1.57079 -0.785398         0  -2.18166         0   1.39627         0
0.971431	  1.57079 -0.785398         0  -2.18166         0   1.39627         0
0.972431	  1.57079 -0.785398         0  -2.18166         0   1.39627         0
0.973431	  1.57079 -0.785398         0  -2.18166         0   1.39627         0
0.974431	  1.57079 -0.785398         0  -2.18166         0   1.39627         0
0.975431	  1.57079 -0.785398         0  -2.18166         0   1.39627         0
0.976431	  1.57079 -0.785398         0  -2.18166         0   1.39627         0
0.977431	  1.57079 -0.785398         0  -2.18166         0   1.39627         0
0.978431	  1.57079 -0.785398         0  -2.18166         0   1.39627         0
0.979431	  1.57079 -0.785398         0  -2.18166         0   1.39627         0
0.980431	  1.57079 -0.785398         0  -2.18166         0   1.39627         0
0.981431	  1.57079 -0.785398         0  -2.18166         0   1.39627         0
0.982431	  1.57079 -0.785398         0  -2.18166         0   1.39627         0
0.983431	  1.57079 -0.785398         0  -2.18166         0   1.39627         0
0.984431	  1.57079 -0.785398         0  -2.18166         0   1.39627         0
0.985431	  1.57079 -0.785398         0  -2.18166         0   1.39627         0
0.986431	  1.57079 -0.785398         0  -2.18166         0   1.39627         0
0.987431	  1.57079 -0.785398         0  -2.18166         0   1.39627         0
0.988431	  1.57079 -0.785398         0  -2.18166         0   1.39627         0
0.989431	  1.57079 -0.785398         0  -2.18166         0   1.39627         0
0.990431	  1.57079 -0.785398         0  -2.18166         0   1.39627         0
0.991431	  1.57079 -0.785398         0  -2.18166         0   1.39627         0
0.992431	  1.57079 -0.785398         0  -2.18166         0   1.39627         0
0.993431	  1.57079 -0.785398         0  -2.18166         0   1.39627         0
0.994431	  1.57079 -0.785398         0  -2.18166         0   1.39627         0
0.995431	  1.57079 -0.785398         0  -2.18166         0   1.39627         0
0.996431	  1.57079 -0.785398         0  -2.18166         0   1.39627         0
0.997431	  1.57079 -0.785398         0  -2.18166         0   1.39627         0
0.998431	  1.57079 -0.785398         0  -2.18166         0   1.39627         0
0.999431	  1.57079 -0.785398         0  -2.18166         0   1.39627         0
1.00043	  1.57079 -0.785398         0  -2.18166         0   1.39627         0
1.00143	  1.57079 -0.785398         0  -2.18166         0   1.39627         0
1.00243	  1.57079 -0.785398         0  -2.18166         0   1.39627         0
1.00343	  1.57079 -0.785398         0  -2.18166         0   1.39627         0
1.00443	  1.57079 -0.785398         0  -2.18166         0   1.39627         0
1.00543	  1.57079 -0.785398         0  -2.18166         0   1.39627         0
1.00643	  1.57079 -0.785398         0  -2.18166         0   1.39627         0
1.00743	  1.57079 -0.785398         0  -2.18166         0   1.39627         0
1.00843	  1.57079 -0.785398         0  -2.18166         0   1.39627         0
1.00943	  1.57079 -0.785398         0  -2.18166         0   1.39627         0
1.01094	  1.57079 -0.785398         0  -2.18166         0   1.39627         0
1.01194	  1.57079 -0.785398         0  -2.18166         0   1.39627         0
1.01294	  1.57079 -0.785398         0  -2.18166         0   1.39627         0
1.01394	  1.57079 -0.785398         0  -2.18166         0   1.39627         0
1.01494	  1.57079 -0.785398         0  -2.18166         0   1.39627         0
1.01594	  1.57079 -0.785398         0  -2.18166         0   1.39627         0
1.01694	  1.57079 -0.785398         0  -2.18166         0   1.39627         0
1.01794	  1.57079 -0.785398         0  -2.18166         0   1.39627         0
1.01894	  1.57079 -0.785398         0  -2.18166         0   1.39627         0
1.01994	  1.57079 -0.785398         0  -2.18166         0   1.39627         0
1.02094	  1.57079 -0.785398         0  -2.18166         0   1.39627         0
1.02194	  1.57079 -0.785398         0  -2.18166         0   1.39627         0
1.02294	  1.57079 -0.785398         0  -2.18166         0   1.39627         0
1.02394	  1.57079 -0.785398         0  -2.18166         0   1.39627         0
1.02494	  1.57079 -0.785398         0  -2.18166         0   1.39627         0
1.02594	  1.57079 -0.785398         0  -2.18166         0   1.39627         0
1.02694	  1.57079 -0.785398         0  -2.18166         0   1.39627         0
1.02794	  1.57079 -0.785398         0  -2.18166         0   1.39627         0
1.02894	  1.57079 -0.785398         0  -2.18166         0   1.39627         0
1.02994	  1.57079 -0.785398         0  -2.18166         0   1.39627         0
1.03094	  1.57079 -0.785398         0  -2.18166         0   1.39627         0
1.03194	  1.57079 -0.785398         0  -2.18166         0   1.39627         0
1.03294	  1.57079 -0.785398         0  -2.18166         0   1.39627         0
1.03394	  1.57079 -0.785398         0  -2.18166         0   1.39627         0
1.03494	  1.57079 -0.785398         0  -2.18166         0   1.39627         0
1.03594	  1.57079 -0.785398         0  -2.18166         0   1.39627         0
1.03694	  1.57079 -0.785398         0  -2.18166         0   1.39627         0
1.03794	  1.57079 -0.785398         0  -2.18166         0   1.39627         0
1.03894	  1.57079 -0.785398         0  -2.18166         0   1.39627         0
1.03994	  1.57079 -0.785398         0  -2.18166         0   1.39627         0
1.04094	  1.57079 -0.785398         0  -2.18166         0   1.39627         0
1.04194	  1.57079 -0.785398         0  -2.18166         0   1.39627         0
1.04294	  1.57079 -0.785398         0  -2.18166         0   1.39627         0
1.04394	  1.57079 -0.785398         0  -2.18166         0   1.39627         0
1.04494	  1.57079 -0.785398         0  -2.18166         0   1.39627         0
1.04594	  1.57079 -0.785398         0  -2.18166         0   1.39627         0
1.04694	  1.57079 -0.785398         0  -2.18166         0   1.39627         0
1.04794	  1.57079 -0.785398         0  -2.18166         0   1.39627         0
1.04894	  1.57079 -0.785398         0  -2.18166         0   1.39627         0
1.04994	  1.57079 -0.785398         0  -2.18166         0   1.39627         0
1.05094	  1.57079 -0.785398         0  -2.18166         0   1.39627         0
1.05194	  1.57079 -0.785398         0  -2.18166         0   1.39627         0
1.05294	  1.57079 -0.785398         0  -2.18166         0   1.39627         0
1.05394	  1.57079 -0.785398         0  -2.18166         0   1.39627         0
1.05494	  1.57079 -0.785398         0  -2.18166         0   1.39627         0
1.05594	  1.57079 -0.785398         0  -2.18166         0   1.39627         0
1.05694	  1.57079 -0.785398         0  -2.18166         0   1.39627         0
1.05794	  1.57079 -0.785398         0  -2.18166         0   1.39627         0
1.05894	  1.57079 -0.785398         0  -2.18166         0   1.39627         0
1.05994	  1.57079 -0.785398         0  -2.18166         0   1.39627         0
1.06094	  1.57079 -0.785398         0  -2.18166         0   1.39627         0
1.06194	  1.57079 -0.785398         0  -2.18166         0   1.39627         0
1.06294	  1.57079 -0.785398         0  -2.18166         0   1.39627         0
1.06394	  1.57079 -0.785398         0  -2.18166         0   1.39627         0
1.06494	  1.57079 -0.785398         0  -2.18166         0   1.39627         0
1.06594	  1.57079 -0.785398         0  -2.18166         0   1.39627         0
1.06694	  1.57079 -0.785398         0  -2.18166         0   1.39627         0
1.06794	  1.57079 -0.785398         0  -2.18166         0   1.39627         0
1.06894	  1.57079 -0.785398         0  -2.18166         0   1.39627         0
1.06994	  1.57079 -0.785398         0  -2.18166         0   1.39627         0
1.07094	  1.57079 -0.785398         0  -2.18166         0   1.39627         0
1.07194	  1.57079 -0.785398         0  -2.18166         0   1.39627         0
1.07294	  1.57079 -0.785398         0  -2.18166         0   1.39627         0
1.07394	  1.57079 -0.785398         0  -2.18166         0   1.39627         0
1.07494	  1.57079 -0.785398         0  -2.18166         0   1.39627         0
1.07594	  1.57079 -0.785398         0  -2.18166         0   1.39627         0
1.07694	  1.57079 -0.785398         0  -2.18166         0   1.39627         0
1.07794	  1.57079 -0.785398         0  -2.18166         0   1.39627         0
1.07894	  1.57079 -0.785398         0  -2.18166         0   1.39627         0
1.07994	  1.57079 -0.785398         0  -2.18166         0   1.39627         0
1.08094	  1.57079 -0.785398         0  -2.18166         0   1.39627         0
1.08194	  1.57079 -0.785398         0  -2.18166         0   1.39627         0
1.08294	  1.57079 -0.785398         0  -2.18166         0   1.39627         0
1.08394	  1.57079 -0.785398         0  -2.18166         0   1.39627         0
1.08494	  1.57079 -0.785398         0  -2.18166         0   1.39627         0
1.08594	  1.57079 -0.785398         0  -2.18166         0   1.39627         0
1.08694	  1.57079 -0.785398         0  -2.18166         0   1.39627         0
1.08794	  1.57079 -0.785398         0  -2.18166         0   1.39627         0
1.08894	  1.57079 -0.785398         0  -2.18166         0   1.39627         0
1.08994	  1.57079 -0.785398         0  -2.18166         0   1.39627         0
1.09094	  1.57079 -0.785398         0  -2.18166         0   1.39626         0
1.09194	  1.57079 -0.785398         0  -2.18166         0   1.39626         0
1.09294	  1.57079 -0.785398         0  -2.18166         0   1.39626         0
1.09394	  1.57079 -0.785398         0  -2.18166         0   1.39626         0
1.09494	  1.57079 -0.785398         0  -2.18166         0   1.39626         0
1.09594	  1.57079 -0.785398         0  -2.18166         0   1.39626         0
1.09694	  1.57079 -0.785398         0  -2.18166         0   1.39626         0
1.09794	  1.57079 -0.785398         0  -2.18166         0   1.39626         0
1.09894	  1.57079 -0.785398         0  -2.18166         0   1.39626         0
1.09994	  1.57079 -0.785398         0  -2.18166         0   1.39626         0
1.10094	  1.57079 -0.785398         0  -2.18166         0   1.39626         0
1.10194	  1.57079 -0.785398         0  -2.18166         0   1.39626         0
1.10294	  1.57079 -0.785398         0  -2.18166         0   1.39626         0
1.10394	  1.57079 -0.785398         0  -2.18166         0   1.39626         0
1.10494	  1.57079 -0.785398         0  -2.18166         0   1.39626         0
1.10594	  1.57079 -0.785398         0  -2.18166         0   1.39626         0
1.10694	  1.57079 -0.785398         0  -2.18166         0   1.39626         0
1.10794	  1.57079 -0.785398         0  -2.18166         0   1.39626         0
1.10894	  1.57079 -0.785398         0  -2.18166         0   1.39626         0
1.10994	  1.57079 -0.785398         0  -2.18166         0   1.39626         0
1.11094	  1.57079 -0.785398         0  -2.18166         0   1.39626         0
1.11194	  1.57079 -0.785398         0  -2.18166         0   1.39626         0
1.11294	  1.57079 -0.785398         0  -2.18166         0   1.39626         0
1.11394	  1.57079 -0.785398         0  -2.18166         0   1.39626         0
1.11494	  1.57079 -0.785398         0  -2.18166         0   1.39626         0
1.11594	  1.57079 -0.785398         0  -2.18166         0   1.39626         0
1.11694	  1.57079 -0.785398         0  -2.18166         0   1.39626         0
1.11794	  1.57079 -0.785398         0  -2.18166         0   1.39626         0
1.11894	  1.57079 -0.785398         0  -2.18166         0   1.39626         0
1.11994	  1.57079 -0.785398         0  -2.18166         0   1.39626         0
1.12094	  1.57079 -0.785398         0  -2.18166         0   1.39626         0
1.12194	  1.57079 -0.785398         0  -2.18166         0   1.39626         0
1.12294	  1.57079 -0.785398         0  -2.18166         0   1.39626         0
1.12394	  1.57079 -0.785398         0  -2.18166         0   1.39626         0
1.12494	  1.57079 -0.785398         0  -2.18166         0   1.39626         0
1.12594	  1.57079 -0.785398         0  -2.18166         0   1.39626         0
1.12694	  1.57079 -0.785398         0  -2.18166         0   1.39626         0
1.12794	  1.57079 -0.785398         0  -2.18166         0   1.39626         0
1.12894	  1.57079 -0.785398         0  -2.18166         0   1.39626         0
1.12994	  1.57079 -0.785398         0  -2.18166         0   1.39626         0
1.13094	  1.57079 -0.785398         0  -2.18166         0   1.39626         0
1.13194	  1.57079 -0.785398         0  -2.18166         0   1.39626         0
1.13294	  1.57079 -0.785398         0  -2.18166         0   1.39626         0
1.13394	  1.57079 -0.785398         0  -2.18166         0   1.39626         0
1.13494	  1.57079 -0.785398         0  -2.18166         0   1.39626         0
1.13594	  1.57079 -0.785398         0  -2.18166         0   1.39626         0
1.13694	  1.57079 -0.785398         0  -2.18166         0   1.39626         0
1.13794	  1.57079 -0.785398         0  -2.18166         0   1.39626         0
1.13894	  1.57079 -0.785398         0  -2.18166         0   1.39626         0
1.13994	  1.57079 -0.785398         0  -2.18166         0   1.39626         0
1.14094	  1.57079 -0.785398         0  -2.18166         0   1.39626         0
1.14194	  1.57079 -0.785398         0  -2.18166         0   1.39626         0
1.14294	  1.57079 -0.785398         0  -2.18166         0   1.39626         0
1.14394	  1.57079 -0.785398         0  -2.18166         0   1.39626         0
1.14494	  1.57079 -0.785398         0  -2.18166         0   1.39626         0
1.14594	  1.57079 -0.785398         0  -2.18166         0   1.39626         0
1.14694	  1.57079 -0.785398         0  -2.18166         0   1.39626         0
1.14794	  1.57079 -0.785398         0  -2.18166         0   1.39626         0
1.14894	  1.57079 -0.785398         0  -2.18166         0   1.39626         0
1.14994	  1.57079 -0.785398         0  -2.18166         0   1.39626         0
1.15094	  1.57079 -0.785398         0  -2.18166         0   1.39626         0
1.15194	  1.57079 -0.785398         0  -2.18166         0   1.39626         0
1.15294	  1.57079 -0.785398         0  -2.18166         0   1.39626         0
1.15394	  1.57079 -0.785398         0  -2.18166         0   1.39626         0
1.15494	  1.57079 -0.785398         0  -2.18166         0   1.39626         0
1.15594	  1.57079 -0.785398         0  -2.18166         0   1.39626         0
1.15694	  1.57079 -0.785398         0  -2.18166         0   1.39626         0
1.15794	  1.57079 -0.785398         0  -2.18166         0   1.39626         0
1.15894	  1.57079 -0.785398         0  -2.18166         0   1.39626         0
1.15994	  1.57079 -0.785398         0  -2.18166         0   1.39626         0
1.16094	  1.57079 -0.785398         0  -2.18166         0   1.39626         0
1.16194	  1.57079 -0.785398         0  -2.18166         0   1.39626         0
1.16294	  1.57079 -0.785398         0  -2.18166         0   1.39626         0
1.16394	  1.57079 -0.785398         0  -2.18166         0   1.39626         0
1.16494	  1.57079 -0.785398         0  -2.18166         0   1.39626         0
1.16594	  1.57079 -0.785398         0  -2.18166         0   1.39626         0
1.16694	  1.57079 -0.785398         0  -2.18166         0   1.39626         0
1.16794	   1.5708 -0.785398         0  -2.18166         0   1.39626         0
1.16894	   1.5708 -0.785398         0  -2.18166         0   1.39626         0
1.16994	   1.5708 -0.785398         0  -2.18166         0   1.39626         0
1.17094	   1.5708 -0.785398         0  -2.18166         0   1.39626         0
1.17194	   1.5708 -0.785398         0  -2.18166         0   1.39626         0
1.17294	   1.5708 -0.785398         0  -2.18166         0   1.39626         0
1.17394	   1.5708 -0.785398         0  -2.18166         0   1.39626         0
1.17494	   1.5708 -0.785398         0  -2.18166         0   1.39626         0
1.17594	   1.5708 -0.785398         0  -2.18166         0   1.39626         0
1.17694	   1.5708 -0.785398         0  -2.18166         0   1.39626         0
1.17794	   1.5708 -0.785398         0  -2.18166         0   1.39626         0
1.17894	   1.5708 -0.785398         0  -2.18166         0   1.39626         0
1.17994	   1.5708 -0.785398         0  -2.18166         0   1.39626         0
1.18094	   1.5708 -0.785398         0  -2.18166         0   1.39626         0
1.18194	   1.5708 -0.785398         0  -2.18166         0   1.39626         0
1.18294	   1.5708 -0.785398         0  -2.18166         0   1.39626         0
1.18394	   1.5708 -0.785398         0  -2.18166         0   1.39626         0
1.18494	   1.5708 -0.785398         0  -2.18166         0   1.39626         0
1.18594	   1.5708 -0.785398         0  -2.18166         0   1.39626         0
1.18694	   1.5708 -0.785398         0  -2.18166         0   1.39626         0
1.18794	   1.5708 -0.785398         0  -2.18166         0   1.39626         0
1.18894	   1.5708 -0.785398         0  -2.18166         0   1.39626         0
1.18994	   1.5708 -0.785398         0  -2.18166         0   1.39626         0
1.19094	   1.5708 -0.785398         0  -2.18166         0   1.39626         0
1.19194	   1.5708 -0.785398         0  -2.18166         0   1.39626         0
1.19294	   1.5708 -0.785398         0  -2.18166         0   1.39626         0
1.19394	   1.5708 -0.785398         0  -2.18166         0   1.39626         0
1.19494	   1.5708 -0.785398         0  -2.18166         0   1.39626         0
1.19594	   1.5708 -0.785398         0  -2.18166         0   1.39626         0
1.19694	   1.5708 -0.785398         0  -2.18166         0   1.39626         0
1.19794	   1.5708 -0.785398         0  -2.18166         0   1.39626         0
1.19894	   1.5708 -0.785398         0  -2.18166         0   1.39626         0
1.19994	   1.5708 -0.785398         0  -2.18166         0   1.39626         0
1.20094	   1.5708 -0.785398         0  -2.18166         0   1.39626         0
