0.00109742	 -1.39626 -0.785398         0  -2.18166         0   1.39626        -0
0.00209742	 -1.39576 -0.785392 -0.000259  -2.18165 -0.000226   1.39626   0.00028
0.00309742	 -1.39425 -0.785381 -0.001038  -2.18162 -0.000902   1.39624   0.00112
0.00409742	 -1.39178 -0.785371 -0.002311  -2.18159  -0.00199   1.39623   0.00231
0.00509742	 -1.38841 -0.785367 -0.004032  -2.18156 -0.003407   1.39622  0.003428
0.00627579	 -1.38421 -0.785369 -0.006153  -2.18154 -0.005075   1.39621  0.004202
0.00727579	 -1.37924 -0.785381 -0.008626  -2.18151 -0.006917   1.39619  0.004671
0.00827579	 -1.37354 -0.785405 -0.011404  -2.18148 -0.008864   1.39617  0.005074
0.00927579	 -1.36715 -0.785443 -0.014446  -2.18145  -0.01086   1.39614   0.00562
0.0102758	  -1.3601 -0.785498 -0.017717  -2.18142 -0.012865   1.39611  0.006346
0.0112758	 -1.35245 -0.785573  -0.02119  -2.18138 -0.014852   1.39607  0.007129
0.0122758	 -1.34422 -0.785671 -0.024841  -2.18133 -0.016803   1.39602  0.007823
0.0132758	 -1.33546 -0.785794 -0.028645  -2.18128 -0.018702   1.39597  0.008367
0.0142758	 -1.32618 -0.785943 -0.032579  -2.18122 -0.020532   1.39591  0.008811
0.0152758	 -1.31643 -0.786122 -0.036621  -2.18115 -0.022281   1.39586  0.009247
0.0162758	 -1.30622 -0.786333 -0.040751  -2.18108 -0.023938    1.3958  0.009736
0.0172758	 -1.29557 -0.786577 -0.044953  -2.18101 -0.025499   1.39575  0.010266
0.0182758	 -1.28452 -0.786856 -0.049211  -2.18093 -0.026962   1.39569  0.010785
0.0192758	 -1.27309  -0.78717 -0.053512  -2.18084  -0.02833   1.39564  0.011245
0.0202758	 -1.26129 -0.787522 -0.057842  -2.18074 -0.029601    1.3956  0.011641
0.0212758	 -1.24915 -0.787912 -0.062189  -2.18064 -0.030776   1.39555     0.012
0.0222758	 -1.23668 -0.788341  -0.06654  -2.18052 -0.031855   1.39551  0.012357
0.0232758	 -1.22391  -0.78881 -0.070885  -2.18041  -0.03284   1.39548  0.012723
0.0242758	 -1.21085 -0.789319 -0.075213  -2.18028 -0.033734   1.39545  0.013089
0.0252758	 -1.19751 -0.789868 -0.079517  -2.18015 -0.034542   1.39543  0.013433
0.0262758	 -1.18392 -0.790457 -0.083789  -2.18002 -0.035267   1.39542  0.013744
0.0272758	 -1.17008 -0.791087 -0.088019  -2.17987 -0.035912   1.39541  0.014024
0.0282758	 -1.15601 -0.791756 -0.092202  -2.17972 -0.036482   1.39541  0.014287
0.0292758	 -1.14173 -0.792464  -0.09633  -2.17956 -0.036979   1.39541  0.014543
0.0302758	 -1.12725 -0.793212 -0.100397   -2.1794 -0.037406   1.39543  0.014794
0.0312758	 -1.11257 -0.793997 -0.104398  -2.17923 -0.037769   1.39545  0.015034
0.0322758	 -1.09772  -0.79482 -0.108328  -2.17905 -0.038071   1.39548  0.015256
0.0332758	 -1.08269 -0.795679 -0.112182  -2.17887 -0.038315   1.39551  0.015457
0.0342758	 -1.06751 -0.796573 -0.115956  -2.17868 -0.038505   1.39556  0.015642
0.0352758	 -1.05218 -0.797501 -0.119646  -2.17848 -0.038645   1.39561  0.015815
0.0362758	 -1.03672 -0.798462 -0.123249  -2.17828 -0.038736   1.39567  0.015979
0.0372758	 -1.02112 -0.799454 -0.126762  -2.17808 -0.038783   1.39574  0.016134
0.0382758	 -1.00541 -0.800476 -0.130182  -2.17786 -0.038789   1.39581  0.016277
0.0392758	-0.989579 -0.801526 -0.133506  -2.17765 -0.038756   1.39589  0.016407
0.0402758	-0.973648 -0.802603 -0.136734  -2.17743 -0.038687   1.39598  0.016524
0.0412758	-0.957622 -0.803706 -0.139862   -2.1772 -0.038585   1.39607  0.016629
0.0422758	-0.941506 -0.804832  -0.14289  -2.17697 -0.038453   1.39618  0.016724
0.0432758	-0.925309  -0.80598 -0.145816  -2.17674 -0.038291   1.39629   0.01681
0.0442758	-0.909036 -0.807148  -0.14864   -2.1765 -0.038104    1.3964  0.016887
0.0452758	-0.892695 -0.808335  -0.15136  -2.17626 -0.037892   1.39652  0.016955
0.0462758	-0.876291 -0.809538 -0.153977  -2.17601 -0.037659   1.39665  0.017012
0.0472758	 -0.85983 -0.810757 -0.156489  -2.17577 -0.037404   1.39678  0.017059
0.0482758	-0.843317 -0.811988 -0.158897  -2.17552 -0.037132   1.39692  0.017098
0.0492758	-0.826759 -0.813231 -0.161202  -2.17526 -0.036842   1.39707  0.017128
0.0502758	-0.810159 -0.814484 -0.163402  -2.17501 -0.036537   1.39722   0.01715
0.0512758	-0.793523 -0.815744 -0.165499  -2.17475 -0.036218   1.39737  0.017165
0.0522758	-0.776856 -0.817011 -0.167493  -2.17449 -0.035887   1.39753  0.017171
0.0532758	-0.760161 -0.818282 -0.169385  -2.17423 -0.035543   1.39769   0.01717
0.0542758	-0.743444 -0.819556 -0.171176  -2.17397  -0.03519   1.39786   0.01716
0.0552758	-0.726707 -0.820831 -0.172867  -2.17371 -0.034828   1.39803  0.017144
0.0562758	-0.709956 -0.822105 -0.174458  -2.17345 -0.034457    1.3982  0.017121
0.0572758	-0.693194 -0.823377 -0.175952  -2.17318 -0.034079   1.39838  0.017091
0.0582758	-0.676424 -0.824646 -0.177349  -2.17292 -0.033695   1.39857  0.017054
0.0592758	-0.659651 -0.825909  -0.17865  -2.17266 -0.033305   1.39875  0.017011
0.0602758	-0.642876 -0.827165 -0.179858   -2.1724  -0.03291   1.39894  0.016962
0.0612758	-0.626104 -0.828413 -0.180973  -2.17214 -0.032511   1.39913  0.016906
0.0622758	-0.609338 -0.829652 -0.181997  -2.17188 -0.032109   1.39932  0.016845
0.0632758	 -0.59258 -0.830879 -0.182932  -2.17162 -0.031703   1.39951  0.016778
0.0642758	-0.575833 -0.832094 -0.183779  -2.17137 -0.031295   1.39971  0.016705
0.0652758	-0.559101 -0.833296 -0.184541  -2.17111 -0.030885    1.3999  0.016628
0.0662758	-0.542386 -0.834482 -0.185218  -2.17087 -0.030473    1.4001  0.016545
0.0672758	-0.525689 -0.835653 -0.185813  -2.17062  -0.03006    1.4003  0.016457
0.0682758	-0.509015 -0.836806 -0.186328  -2.17038 -0.029646    1.4005  0.016364
0.0692758	-0.492365 -0.837941 -0.186764  -2.17014 -0.029231    1.4007  0.016266
0.0702758	-0.475742 -0.839057 -0.187123   -2.1699 -0.028816   1.40091  0.016164
0.0712758	-0.459147 -0.840152 -0.187407  -2.16967 -0.028401   1.40111  0.016058
0.0722758	-0.442583 -0.841226 -0.187619  -2.16944 -0.027987   1.40131  0.015947
0.0732758	-0.426053 -0.842278 -0.187758  -2.16922 -0.027572   1.40151  0.015832
0.0742758	-0.409557 -0.843306 -0.187829    -2.169 -0.027158   1.40172  0.015713
0.0752758	-0.393099 -0.844311 -0.187832  -2.16879 -0.026745   1.40192  0.015591
0.0762758	-0.376679 -0.845291  -0.18777  -2.16859 -0.026333   1.40212  0.015465
0.0772758	  -0.3603 -0.846246 -0.187644  -2.16839 -0.025921   1.40232  0.015335
0.0782758	-0.343964 -0.847175 -0.187456   -2.1682 -0.025511   1.40252  0.015202
0.0792758	-0.327673 -0.848077 -0.187208  -2.16801 -0.025101   1.40272  0.015066
0.0802758	-0.311427 -0.848951 -0.186902  -2.16783 -0.024693   1.40291  0.014926
0.0812758	-0.295229 -0.849798  -0.18654  -2.16765 -0.024286   1.40311  0.014784
0.0822758	 -0.27908 -0.850617 -0.186123  -2.16749  -0.02388    1.4033  0.014638
0.0832758	-0.262983 -0.851407 -0.185653  -2.16733 -0.023476    1.4035   0.01449
0.0842758	-0.246937 -0.852168 -0.185133  -2.16718 -0.023073   1.40369   0.01434
0.0852758	-0.230946 -0.852899 -0.184563  -2.16703 -0.022671   1.40387  0.014186
0.0862758	-0.215009   -0.8536 -0.183945  -2.16689  -0.02227   1.40406  0.014031
0.0872758	 -0.19913 -0.854272 -0.183282  -2.16677 -0.021871   1.40425  0.013873
0.0882758	-0.183308 -0.854912 -0.182574  -2.16665 -0.021473   1.40443  0.013713
0.0901637	-0.167546 -0.855522 -0.181823  -2.16653 -0.021077   1.40461   0.01355
0.0911637	-0.151844 -0.856101 -0.181032  -2.16643 -0.020682   1.40479  0.013386
0.0921637	-0.136204  -0.85665 -0.180201  -2.16633 -0.020288   1.40496   0.01322
0.0931637	-0.120628 -0.857167 -0.179332  -2.16624 -0.019895   1.40513  0.013052
0.0941637	-0.105115 -0.857652 -0.178426  -2.16617 -0.019504    1.4053  0.012883
0.0951637	-0.089668 -0.858107 -0.177486   -2.1661 -0.019114   1.40547  0.012712
0.0961637	-0.074288  -0.85853 -0.176511  -2.16603 -0.018725   1.40563  0.012539
0.0971637	-0.058975 -0.858922 -0.175505  -2.16598 -0.018337   1.40579  0.012365
0.0981637	-0.043731 -0.859282 -0.174468  -2.16594 -0.017951   1.40595   0.01219
0.0991637	-0.028556 -0.859611 -0.173401   -2.1659 -0.017565   1.40611  0.012014
0.100164	-0.013453 -0.859909 -0.172306  -2.16588 -0.017181   1.40626  0.011836
0.101164	 0.001579 -0.860176 -0.171184  -2.16586 -0.016798    1.4064  0.011658
0.102164	 0.016539 -0.860411 -0.170036  -2.16585 -0.016417   1.40655  0.011478
0.103164	 0.031424 -0.860616 -0.168863  -2.16585 -0.016036   1.40669  0.011298
0.104164	 0.046236  -0.86079 -0.167667  -2.16586 -0.015656   1.40683  0.011117
0.105164	 0.060972 -0.860934 -0.166449  -2.16588 -0.015278   1.40696  0.010935
0.106164	 0.075632 -0.861047  -0.16521  -2.16591   -0.0149   1.40709  0.010753
0.107164	 0.090215  -0.86113  -0.16395  -2.16594 -0.014524   1.40722   0.01057
0.108164	  0.10472 -0.861184 -0.162672  -2.16599 -0.014149   1.40734  0.010386
0.109164	 0.119147 -0.861208 -0.161375  -2.16604 -0.013775   1.40746  0.010203
0.110164	 0.133495 -0.861202 -0.160061   -2.1661 -0.013402   1.40758  0.010018
0.111164	 0.147762 -0.861167 -0.158731  -2.16617  -0.01303   1.40769  0.009834
0.112164	 0.161949 -0.861104 -0.157385  -2.16625  -0.01266    1.4078  0.009649
0.113164	 0.176055 -0.861012 -0.156025  -2.16634  -0.01229   1.40791  0.009465
0.114164	 0.190079 -0.860893 -0.154651  -2.16643 -0.011922   1.40801   0.00928
0.115164	  0.20402 -0.860745 -0.153265  -2.16654 -0.011554   1.40811  0.009095
0.116164	 0.217879  -0.86057 -0.151866  -2.16665 -0.011188    1.4082   0.00891
0.117164	 0.231653 -0.860368 -0.150457  -2.16677 -0.010824   1.40829  0.008726
0.118164	 0.245343  -0.86014 -0.149036   -2.1669  -0.01046   1.40838  0.008541
0.119164	 0.258949 -0.859885 -0.147606  -2.16703 -0.010098   1.40846  0.008357
0.120164	 0.272469 -0.859604 -0.146166  -2.16718 -0.009737   1.40854  0.008173
0.121164	 0.285904 -0.859298 -0.144718  -2.16733 -0.009378   1.40862   0.00799
0.122164	 0.299252 -0.858966 -0.143262  -2.16749 -0.009019   1.40869  0.007807
0.123164	 0.312514 -0.858611 -0.141799  -2.16765 -0.008663   1.40876  0.007624
0.124164	 0.325689  -0.85823 -0.140328  -2.16783 -0.008308   1.40883  0.007441
0.125164	 0.338776 -0.857826 -0.138852  -2.16801 -0.007954   1.40889   0.00726
0.126164	 0.351775 -0.857399  -0.13737  -2.16819 -0.007602   1.40894  0.007079
0.127164	 0.364687 -0.856949 -0.135882  -2.16839 -0.007251     1.409  0.006898
0.128164	  0.37751 -0.856476  -0.13439  -2.16859 -0.006903   1.40905  0.006718
0.129164	 0.390244 -0.855981 -0.132894   -2.1688 -0.006556    1.4091  0.006539
0.130164	 0.402889 -0.855465 -0.131394  -2.16901  -0.00621   1.40914   0.00636
0.131164	 0.415445 -0.854928  -0.12989  -2.16923 -0.005867   1.40918  0.006183
0.132164	 0.427911  -0.85437 -0.128384  -2.16945 -0.005525   1.40922  0.006006
0.133164	 0.440288 -0.853791 -0.126874  -2.16969 -0.005186   1.40925   0.00583
0.134164	 0.452574 -0.853193 -0.125363  -2.16992 -0.004848   1.40928  0.005655
0.135164	 0.464771 -0.852576 -0.123849  -2.17016 -0.004513   1.40931  0.005481
0.136164	 0.476877  -0.85194 -0.122335  -2.17041 -0.004179   1.40934  0.005307
0.137164	 0.488892 -0.851285 -0.120818  -2.17067 -0.003848   1.40935  0.005135
0.138164	 0.500817 -0.850613 -0.119301  -2.17092 -0.003519   1.40937  0.004964
0.139164	 0.512652 -0.849923 -0.117783  -2.17119 -0.003193   1.40939  0.004794
0.140164	 0.524395 -0.849216 -0.116265  -2.17146 -0.002868    1.4094  0.004625
0.141164	 0.536048 -0.848493 -0.114747  -2.17173 -0.002546   1.40941  0.004457
0.142164	  0.54761 -0.847754 -0.113229  -2.17201 -0.002227   1.40941   0.00429
0.143164	  0.55908 -0.846999 -0.111711  -2.17229  -0.00191   1.40941  0.004124
0.144164	  0.57046 -0.846229 -0.110194  -2.17258 -0.001596   1.40941   0.00396
0.145164	 0.581749 -0.845444 -0.108678  -2.17286 -0.001285   1.40941  0.003796
0.146164	 0.592947 -0.844646 -0.107163  -2.17316 -0.000976    1.4094  0.003634
0.147164	 0.604054 -0.843833 -0.105649  -2.17346  -0.00067   1.40939  0.003473
0.148164	  0.61507 -0.843008 -0.104136  -2.17376 -0.000367   1.40938  0.003314
0.149164	 0.625995 -0.842169 -0.102625  -2.17406  -6.7e-05   1.40936  0.003155
0.150164	  0.63683 -0.841318 -0.101116  -2.17437   0.00023   1.40935  0.002998
0.151164	 0.647574 -0.840456 -0.099609  -2.17468  0.000524   1.40932  0.002843
0.152164	 0.658227 -0.839582 -0.098104    -2.175  0.000815    1.4093  0.002688
0.153164	 0.668791 -0.838697 -0.096601  -2.17531  0.001102   1.40928  0.002535
0.154164	 0.679263 -0.837801   -0.0951  -2.17563  0.001387   1.40925  0.002384
0.155164	 0.689646 -0.836895 -0.093602  -2.17596  0.001668   1.40922  0.002233
0.156164	 0.699939  -0.83598 -0.092107  -2.17628  0.001946   1.40918  0.002084
0.157164	 0.710142 -0.835055 -0.090615  -2.17661  0.002221   1.40915  0.001937
0.158164	 0.720256 -0.834121 -0.089126  -2.17694  0.002492   1.40911  0.001791
0.159164	 0.730281 -0.833179 -0.087639  -2.17727  0.002759   1.40907  0.001646
0.160164	 0.740216  -0.83223 -0.086156   -2.1776  0.003023   1.40903  0.001503
0.161164	 0.750063 -0.831272 -0.084676  -2.17794  0.003284   1.40899  0.001361
0.162164	 0.759821 -0.830308   -0.0832  -2.17828  0.003541   1.40894  0.001221
0.163164	  0.76949 -0.829336 -0.081726  -2.17861  0.003794   1.40889  0.001082
0.164164	 0.779072 -0.828359 -0.080257  -2.17895  0.004044   1.40884  0.000944
0.165164	 0.788566 -0.827375 -0.078791   -2.1793   0.00429   1.40879  0.000809
0.166164	 0.797973 -0.826386 -0.077329  -2.17964  0.004532   1.40873  0.000674
0.167164	 0.807292 -0.825392 -0.075871  -2.17998   0.00477   1.40868  0.000541
0.168164	 0.816525 -0.824393 -0.074417  -2.18033  0.005005   1.40862  0.000409
0.169164	 0.825671 -0.823389 -0.072967  -2.18067  0.005235   1.40856  0.000279
0.170164	 0.834731 -0.822382 -0.071521  -2.18102  0.005462    1.4085  0.000151
0.171164	 0.843706 -0.821371  -0.07008  -2.18136  0.005685   1.40844   2.4e-05
0.172164	 0.852595 -0.820357 -0.068643  -2.18171  0.005904   1.40837 -0.000102
0.173164	 0.861399  -0.81934  -0.06721  -2.18206  0.006119    1.4083 -0.000226
0.174164	 0.870119  -0.81832 -0.065781  -2.18241   0.00633   1.40823 -0.000348
0.175164	 0.878754 -0.817299 -0.064358  -2.18276  0.006537   1.40816 -0.000469
0.176164	 0.887306 -0.816275 -0.062939  -2.18311   0.00674   1.40809 -0.000589
0.177164	 0.895774  -0.81525 -0.061524  -2.18345  0.006939   1.40802 -0.000707
0.178164	  0.90416 -0.814224 -0.060115   -2.1838  0.007134   1.40795 -0.000824
0.179164	 0.912462 -0.813197  -0.05871  -2.18415  0.007324   1.40787 -0.000939
0.180164	 0.920683  -0.81217 -0.057311   -2.1845  0.007511    1.4078 -0.001052
0.181164	 0.928822 -0.811142 -0.055916  -2.18485  0.007694   1.40772 -0.001164
0.182164	  0.93688 -0.810115 -0.054527   -2.1852  0.007872   1.40764 -0.001275
0.183164	 0.944858 -0.809088 -0.053143  -2.18554  0.008047   1.40756 -0.001384
0.184164	 0.952755 -0.808062 -0.051764  -2.18589  0.008217   1.40748 -0.001492
0.185164	 0.960572 -0.807037 -0.050391  -2.18623  0.008384   1.40739 -0.001598
0.186164	  0.96831 -0.806013 -0.049023  -2.18658  0.008546   1.40731 -0.001703
0.187164	 0.975969 -0.804991 -0.047661  -2.18693  0.008704   1.40723 -0.001806
0.188164	  0.98355 -0.803971 -0.046304  -2.18727  0.008858   1.40714 -0.001908
0.189164	 0.991053 -0.802953 -0.044954  -2.18761  0.009008   1.40705 -0.002008
0.190164	 0.998479 -0.801938 -0.043609  -2.18795  0.009154   1.40697 -0.002107
0.191164	  1.00583 -0.800926 -0.042269  -2.18829  0.009296   1.40688 -0.002204
0.192164	   1.0131 -0.799916 -0.040936  -2.18863  0.009434   1.40679   -0.0023
0.193164	   1.0203  -0.79891 -0.039609  -2.18897  0.009568    1.4067 -0.002395
0.194164	  1.02742 -0.797908 -0.038289  -2.18931  0.009698   1.40661 -0.002488
0.195164	  1.03447 -0.796909 -0.036974  -2.18964  0.009824   1.40652  -0.00258
0.196164	  1.04144 -0.795915 -0.035666  -2.18997  0.009946   1.40643  -0.00267
0.197164	  1.04834 -0.794925 -0.034364  -2.19031  0.010065   1.40633 -0.002759
0.198164	  1.05516 -0.793939 -0.033068  -2.19064  0.010179   1.40624 -0.002846
0.199164	  1.06192 -0.792958  -0.03178  -2.19097  0.010289   1.40615 -0.002933
0.200164	   1.0686 -0.791982 -0.030498  -2.19129  0.010396   1.40605 -0.003017
0.201164	  1.07521 -0.791011 -0.029222  -2.19162  0.010499   1.40596 -0.003101
0.202164	  1.08174 -0.790046 -0.027954  -2.19194  0.010597   1.40586 -0.003183
0.203164	  1.08821 -0.789086 -0.026692  -2.19226  0.010693   1.40577 -0.003263
0.204164	  1.09461 -0.788133 -0.025438  -2.19258  0.010784   1.40567 -0.003343
0.205164	  1.10094 -0.787185  -0.02419   -2.1929  0.010872   1.40558 -0.003421
0.206164	   1.1072 -0.786243  -0.02295  -2.19322  0.010956   1.40548 -0.003497
0.207164	  1.11339 -0.785308 -0.021717  -2.19353  0.011036   1.40538 -0.003573
0.208164	  1.11952 -0.784379 -0.020491  -2.19384  0.011113   1.40528 -0.003647
0.209164	  1.12557 -0.783457 -0.019273  -2.19415  0.011187   1.40519 -0.003719
0.210164	  1.13156 -0.782543 -0.018062  -2.19446  0.011256   1.40509 -0.003791
0.211164	  1.13749 -0.781635 -0.016859  -2.19476  0.011323   1.40499 -0.003861
0.212164	  1.14335 -0.780734 -0.015664  -2.19507  0.011386   1.40489  -0.00393
0.213164	  1.14914 -0.779841 -0.014476  -2.19537  0.011445   1.40479 -0.003997
0.214164	  1.15487 -0.778955 -0.013296  -2.19566  0.011501    1.4047 -0.004064
0.215164	  1.16053 -0.778077 -0.012124  -2.19596  0.011554    1.4046 -0.004129
0.216164	  1.16613 -0.777207  -0.01096  -2.19625  0.011604    1.4045 -0.004193
0.217164	  1.17167 -0.776345 -0.009804  -2.19654   0.01165    1.4044 -0.004256
0.218164	  1.17715 -0.775491 -0.008657  -2.19683  0.011693    1.4043 -0.004317
0.219164	  1.18257 -0.774645 -0.007518  -2.19712  0.011733    1.4042 -0.004378
0.220164	  1.18792 -0.773807 -0.006387   -2.1974   0.01177    1.4041 -0.004437
0.221164	  1.19322 -0.772978 -0.005265  -2.19768  0.011804   1.40401 -0.004495
0.222164	  1.19845 -0.772158 -0.004151  -2.19796  0.011835   1.40391 -0.004551
0.223164	  1.20362 -0.771346 -0.003045  -2.19823  0.011863   1.40381 -0.004607
0.224164	  1.20874 -0.770543 -0.001949   -2.1985  0.011889   1.40371 -0.004662
0.225164	   1.2138 -0.769749  -0.00086  -2.19877  0.011911   1.40361 -0.004715
0.226164	   1.2188 -0.768963  0.000219  -2.19904  0.011931   1.40352 -0.004767
0.227164	  1.22374 -0.768187   0.00129   -2.1993  0.011948   1.40342 -0.004818
0.228164	  1.22862  -0.76742  0.002352  -2.19956  0.011962   1.40332 -0.004869
0.229164	  1.23345 -0.766663  0.003405  -2.19982  0.011973   1.40322 -0.004917
0.230164	  1.23822 -0.765914  0.004448  -2.20007  0.011982   1.40313 -0.004965
0.231164	  1.24294 -0.765175  0.005483  -2.20032  0.011988   1.40303 -0.005012
0.232164	   1.2476 -0.764445  0.006509  -2.20057  0.011992   1.40293 -0.005058
0.233164	  1.25221 -0.763725  0.007525  -2.20081  0.011994   1.40284 -0.005103
0.234164	  1.25677 -0.763014  0.008533  -2.20106  0.011993   1.40274 -0.005146
0.235164	  1.26127 -0.762313  0.009531   -2.2013  0.011989   1.40265 -0.005189
0.236164	  1.26572 -0.761622  0.010519  -2.20153  0.011984   1.40255 -0.005231
0.237164	  1.27011  -0.76094  0.011499  -2.20176  0.011976   1.40246 -0.005272
0.238164	  1.27446 -0.760268  0.012468  -2.20199  0.011966   1.40236 -0.005311
0.239164	  1.27875 -0.759606  0.013429  -2.20222  0.011953   1.40227  -0.00535
0.240164	  1.28299 -0.758954  0.014379  -2.20244  0.011939   1.40218 -0.005388
0.241164	  1.28719 -0.758312   0.01532  -2.20266  0.011923   1.40208 -0.005424
0.242164	  1.29133 -0.757679  0.016252  -2.20288  0.011904   1.40199  -0.00546
0.243164	  1.29542 -0.757056  0.017174  -2.20309  0.011884    1.4019 -0.005495
0.244164	  1.29947 -0.756444  0.018086   -2.2033  0.011861   1.40181 -0.005529
0.245164	  1.30347 -0.755841  0.018988  -2.20351  0.011837   1.40172 -0.005562
0.246164	  1.30741 -0.755248   0.01988  -2.20371  0.011811   1.40163 -0.005594
0.247164	  1.31132 -0.754665  0.020762  -2.20391  0.011784   1.40154 -0.005626
0.248164	  1.31517 -0.754092  0.021635  -2.20411  0.011754   1.40145 -0.005656
0.249164	  1.31898 -0.753529  0.022497   -2.2043  0.011723   1.40136 -0.005685
0.250164	  1.32274 -0.752976   0.02335  -2.20449   0.01169   1.40127 -0.005714
0.251164	  1.32646 -0.752433  0.024193  -2.20468  0.011656   1.40118 -0.005742
0.252164	  1.33013 -0.751901  0.025026  -2.20486   0.01162    1.4011 -0.005769
0.253164	  1.33376 -0.751378  0.025849  -2.20504  0.011583   1.40101 -0.005795
0.254164	  1.33734 -0.750865  0.026662  -2.20521  0.011544   1.40092  -0.00582
0.255164	  1.34088 -0.750362  0.027464  -2.20539  0.011504   1.40084 -0.005845
0.256164	  1.34438 -0.749869  0.028257  -2.20556  0.011462   1.40075 -0.005868
0.257164	  1.34783 -0.749386   0.02904  -2.20572   0.01142   1.40067 -0.005891
0.258164	  1.35125 -0.748912  0.029812  -2.20588  0.011375   1.40059 -0.005913
0.259164	  1.35462 -0.748449  0.030575  -2.20604   0.01133    1.4005 -0.005934
0.260164	  1.35794 -0.747996  0.031327   -2.2062  0.011283   1.40042 -0.005955
0.261164	  1.36123 -0.747552  0.032069  -2.20635  0.011236   1.40034 -0.005975
0.262164	  1.36448 -0.747118  0.032802   -2.2065  0.011187   1.40026 -0.005994
0.263164	  1.36769 -0.746694  0.033524  -2.20664  0.011137   1.40018 -0.006012
0.264164	  1.37085  -0.74628  0.034235  -2.20678  0.011086    1.4001 -0.006029
0.265164	  1.37398 -0.745876  0.034937  -2.20692  0.011034   1.40002 -0.006046
0.266164	  1.37707 -0.745481  0.035629  -2.20706  0.010981   1.39994 -0.006062
0.267164	  1.38012 -0.745096   0.03631  -2.20719  0.010927   1.39987 -0.006078
0.268164	  1.38313  -0.74472  0.036982  -2.20732  0.010873   1.39979 -0.006092
0.269164	   1.3861 -0.744354  0.037643  -2.20744  0.010817   1.39972 -0.006106
0.270164	  1.38904 -0.743997  0.038294  -2.20756  0.010761   1.39964  -0.00612
0.271164	  1.39194  -0.74365  0.038935  -2.20768  0.010704   1.39957 -0.006132
0.272164	   1.3948 -0.743312  0.039566  -2.20779  0.010646   1.39949 -0.006144
0.273164	  1.39763 -0.742984  0.040187   -2.2079  0.010587   1.39942 -0.006156
0.274164	  1.40042 -0.742665  0.040798  -2.20801  0.010528   1.39935 -0.006166
0.275164	  1.40317 -0.742355  0.041398  -2.20811  0.010468   1.39928 -0.006176
0.276164	  1.40589 -0.742054  0.041989  -2.20821  0.010408   1.39921 -0.006186
0.277164	  1.40858 -0.741762   0.04257  -2.20831  0.010347   1.39914 -0.006195
0.278164	  1.41123  -0.74148   0.04314   -2.2084  0.010285   1.39907 -0.006203
0.279164	  1.41384 -0.741206  0.043701  -2.20849  0.010223     1.399 -0.006211
0.280164	  1.41643 -0.740942  0.044252  -2.20858   0.01016   1.39894 -0.006218
0.281164	  1.41898 -0.740686  0.044793  -2.20866  0.010097   1.39887 -0.006224
0.282164	  1.42149 -0.740439  0.045324  -2.20874  0.010034    1.3988  -0.00623
0.283164	  1.42398 -0.740201  0.045845  -2.20881   0.00997   1.39874 -0.006235
0.284164	  1.42643 -0.739971  0.046357  -2.20889  0.009906   1.39867  -0.00624
0.285164	  1.42885 -0.739751  0.046858  -2.20896  0.009841   1.39861 -0.006244
0.286164	  1.43124 -0.739538   0.04735  -2.20902  0.009777   1.39855 -0.006247
0.287164	   1.4336 -0.739334  0.047832  -2.20908  0.009711   1.39849  -0.00625
0.288164	  1.43592 -0.739139  0.048305  -2.20914  0.009646   1.39843 -0.006253
0.289164	  1.43822 -0.738952  0.048768   -2.2092   0.00958   1.39837 -0.006255
0.290164	  1.44048 -0.738773  0.049221  -2.20925  0.009515   1.39831 -0.006256
0.291164	  1.44272 -0.738602  0.049665   -2.2093  0.009449   1.39825 -0.006257
0.292164	  1.44493 -0.738439  0.050099  -2.20934  0.009382   1.39819 -0.006258
0.293164	   1.4471 -0.738285  0.050524  -2.20939  0.009316   1.39813 -0.006258
0.294164	  1.44925 -0.738138  0.050939  -2.20943   0.00925   1.39808 -0.006257
0.295164	  1.45137    -0.738  0.051345  -2.20946  0.009183   1.39802 -0.006256
0.296164	  1.45346 -0.737869  0.051741   -2.2095  0.009116   1.39797 -0.006255
0.297164	  1.45552 -0.737745  0.052129  -2.20953   0.00905   1.39791 -0.006253
0.298164	 1.45756 -0.73763 0.052507 -2.20955 0.008983  1.39786 -0.00625
0.299164	  1.45956 -0.737522  0.052876  -2.20958  0.008916   1.39781 -0.006247
0.300164	  1.46154 -0.737421  0.053235   -2.2096   0.00885   1.39776 -0.006244
0.301164	   1.4635 -0.737328  0.053586  -2.20961  0.008783    1.3977  -0.00624
0.302164	  1.46542 -0.737242  0.053928  -2.20963  0.008716   1.39766 -0.006236
0.303164	  1.46732 -0.737164   0.05426  -2.20964   0.00865   1.39761 -0.006231
0.304164	   1.4692 -0.737092  0.054584  -2.20965  0.008583   1.39756 -0.006226
0.305164	  1.47105 -0.737028  0.054899  -2.20965  0.008517   1.39751 -0.006221
0.306164	  1.47287  -0.73697  0.055205  -2.20965   0.00845   1.39746 -0.006215
0.307164	  1.47467  -0.73692  0.055502  -2.20965  0.008384   1.39742 -0.006208
0.308164	  1.47644 -0.736876  0.055791  -2.20965  0.008318   1.39737 -0.006202
0.309164	  1.47819 -0.736839  0.056071  -2.20964  0.008252   1.39733 -0.006194
0.310164	  1.47991 -0.736809  0.056342  -2.20963  0.008186   1.39728 -0.006187
0.311164	  1.48161 -0.736785  0.056605  -2.20962  0.008121   1.39724 -0.006179
0.312164	  1.48329 -0.736768   0.05686   -2.2096  0.008055    1.3972 -0.006171
0.313164	  1.48494 -0.736758  0.057106  -2.20959   0.00799   1.39716 -0.006162
0.314164	  1.48657 -0.736753  0.057343  -2.20957  0.007925   1.39712 -0.006153
0.315164	  1.48818 -0.736755  0.057573  -2.20954   0.00786   1.39708 -0.006144
0.316164	  1.48976 -0.736763  0.057794  -2.20952  0.007796   1.39704 -0.006134
0.317164	  1.49132 -0.736777  0.058007  -2.20949  0.007731     1.397 -0.006124
0.318164	  1.49286 -0.736797  0.058212  -2.20946  0.007667   1.39696 -0.006113
0.319164	  1.49438 -0.736823   0.05841  -2.20942  0.007603   1.39692 -0.006103
0.320164	  1.49587 -0.736855  0.058599  -2.20938   0.00754   1.39689 -0.006092
0.321164	  1.49735 -0.736892   0.05878  -2.20934  0.007477   1.39685  -0.00608
0.322164	   1.4988 -0.736935  0.058954   -2.2093  0.007414   1.39682 -0.006068
0.323164	  1.50023 -0.736984  0.059119  -2.20926  0.007351   1.39678 -0.006056
0.324164	  1.50164 -0.737038  0.059277  -2.20921  0.007289   1.39675 -0.006044
0.325164	  1.50303 -0.737098  0.059428  -2.20916  0.007227   1.39671 -0.006031
0.326164	   1.5044 -0.737163  0.059571  -2.20911  0.007166   1.39668 -0.006018
0.327164	  1.50575 -0.737233  0.059707  -2.20905  0.007104   1.39665 -0.006005
0.328164	  1.50708 -0.737308  0.059835    -2.209  0.007043   1.39662 -0.005992
0.329164	  1.50839 -0.737389  0.059956  -2.20894  0.006983   1.39659 -0.005978
0.330164	  1.50968 -0.737474  0.060069  -2.20888  0.006923   1.39656 -0.005964
0.331164	  1.51095 -0.737565  0.060176  -2.20881  0.006863   1.39653 -0.005949
0.332164	   1.5122  -0.73766  0.060275  -2.20875  0.006803    1.3965 -0.005934
0.333164	 1.51343 -0.73776 0.060367 -2.20868 0.006744  1.39648 -0.00592
0.334164	  1.51465 -0.737864  0.060453  -2.20861  0.006686   1.39645 -0.005904
0.335164	  1.51584 -0.737974  0.060531  -2.20853  0.006627   1.39642 -0.005889
0.336164	  1.51702 -0.738087  0.060603  -2.20846  0.006569    1.3964 -0.005873
0.337164	  1.51818 -0.738205  0.060668  -2.20838  0.006512   1.39637 -0.005857
0.338164	  1.51932 -0.738328  0.060726   -2.2083  0.006455   1.39635 -0.005841
0.339164	  1.52045 -0.738455  0.060778  -2.20822  0.006398   1.39632 -0.005825
0.340164	  1.52155 -0.738586  0.060823  -2.20814  0.006342    1.3963 -0.005808
0.341164	  1.52265 -0.738721  0.060862  -2.20805  0.006286   1.39628 -0.005791
0.342164	  1.52372  -0.73886  0.060894  -2.20797   0.00623   1.39626 -0.005774
0.343164	  1.52477 -0.739003   0.06092  -2.20788  0.006175   1.39623 -0.005757
0.344164	  1.52581  -0.73915   0.06094  -2.20779  0.006121   1.39621 -0.005739
0.345164	  1.52684 -0.739301  0.060954  -2.20769  0.006066   1.39619 -0.005721
0.346164	  1.52785 -0.739455  0.060961   -2.2076  0.006013   1.39617 -0.005703
0.347164	  1.52884 -0.739613  0.060963   -2.2075  0.005959   1.39616 -0.005685
0.348164	  1.52981 -0.739775  0.060958  -2.20741  0.005906   1.39614 -0.005667
0.349164	  1.53077  -0.73994  0.060948  -2.20731  0.005854   1.39612 -0.005648
0.350164	  1.53172 -0.740109  0.060932   -2.2072  0.005802    1.3961  -0.00563
0.351164	  1.53265 -0.740281   0.06091   -2.2071   0.00575   1.39608 -0.005611
0.352164	  1.53356 -0.740457  0.060883    -2.207  0.005699   1.39607 -0.005592
0.353164	  1.53446 -0.740635   0.06085  -2.20689  0.005649   1.39605 -0.005572
0.354164	  1.53535 -0.740817  0.060812  -2.20678  0.005598   1.39604 -0.005553
0.355164	  1.53622 -0.741002  0.060768  -2.20667  0.005548   1.39602 -0.005533
0.356164	  1.53707  -0.74119  0.060719  -2.20656  0.005499   1.39601 -0.005513
0.357164	  1.53792  -0.74138  0.060664  -2.20645   0.00545   1.39599 -0.005493
0.358164	  1.53875 -0.741574  0.060604  -2.20634  0.005402   1.39598 -0.005473
0.359164	  1.53956  -0.74177   0.06054  -2.20622  0.005353   1.39597 -0.005453
0.360164	  1.54036  -0.74197   0.06047   -2.2061  0.005306   1.39596 -0.005433
0.361164	  1.54115 -0.742171  0.060395  -2.20599  0.005259   1.39594 -0.005412
0.362164	  1.54192 -0.742376  0.060315  -2.20587  0.005212   1.39593 -0.005391
0.363164	  1.54268 -0.742583   0.06023  -2.20575  0.005166   1.39592 -0.005371
0.364164	  1.54343 -0.742792  0.060141  -2.20562   0.00512   1.39591  -0.00535
0.365164	  1.54417 -0.743004  0.060047   -2.2055  0.005074    1.3959 -0.005328
0.366164	  1.54489 -0.743218  0.059948  -2.20538  0.005029   1.39589 -0.005307
0.367164	   1.5456 -0.743435  0.059845  -2.20525  0.004985   1.39588 -0.005286
0.368164	  1.54629 -0.743653  0.059737  -2.20513  0.004941   1.39587 -0.005264
0.369164	  1.54698 -0.743874  0.059625    -2.205  0.004897   1.39586 -0.005243
0.370164	  1.54765 -0.744097  0.059508  -2.20487  0.004854   1.39586 -0.005221
0.371164	  1.54832 -0.744322  0.059387  -2.20474  0.004811   1.39585 -0.005199
0.372164	  1.54896 -0.744549  0.059262  -2.20461  0.004769   1.39584 -0.005177
0.374472	   1.5496 -0.744778  0.059133  -2.20448  0.004727   1.39584 -0.005155
0.375472	  1.55023 -0.745008     0.059  -2.20434  0.004685   1.39583 -0.005133
0.376472	  1.55085 -0.745241  0.058862  -2.20421  0.004644   1.39582 -0.005111
0.377472	  1.55145 -0.745475  0.058721  -2.20408  0.004603   1.39582 -0.005089
0.378472	  1.55204 -0.745711  0.058576  -2.20394  0.004563   1.39581 -0.005066
0.379472	  1.55262 -0.745948  0.058427  -2.20381  0.004523   1.39581 -0.005044
0.380472	   1.5532 -0.746187  0.058274  -2.20367  0.004484    1.3958 -0.005021
0.381472	  1.55376 -0.746428  0.058118  -2.20353  0.004445    1.3958 -0.004998
0.382472	  1.55431  -0.74667  0.057958  -2.20339  0.004406    1.3958 -0.004975
0.383472	  1.55485 -0.746913  0.057795  -2.20325  0.004368   1.39579 -0.004953
0.384472	  1.55538 -0.747158  0.057628  -2.20311   0.00433   1.39579  -0.00493
0.385472	   1.5559 -0.747404  0.057457  -2.20297  0.004293   1.39579 -0.004907
0.386472	  1.55641 -0.747651  0.057284  -2.20283  0.004256   1.39579 -0.004884
0.387472	  1.55691   -0.7479  0.057107  -2.20269  0.004219   1.39578 -0.004861
0.388472	   1.5574 -0.748149  0.056926  -2.20255  0.004183   1.39578 -0.004837
0.389472	  1.55788   -0.7484  0.056743   -2.2024  0.004147   1.39578 -0.004814
0.390472	  1.55836 -0.748651  0.056557  -2.20226  0.004112   1.39578 -0.004791
0.391472	  1.55882 -0.748904  0.056367  -2.20212  0.004077   1.39578 -0.004767
0.392472	  1.55927 -0.749158  0.056175  -2.20197  0.004042   1.39578 -0.004744
0.393472	  1.55972 -0.749412  0.055979  -2.20183  0.004008   1.39578 -0.004721
0.394472	  1.56015 -0.749667  0.055781  -2.20168  0.003974   1.39578 -0.004697
0.395472	  1.56058 -0.749923   0.05558  -2.20154   0.00394   1.39578 -0.004673
0.396472	   1.561 -0.75018 0.055377 -2.20139 0.003907  1.39578 -0.00465
0.397472	  1.56141 -0.750438   0.05517  -2.20124  0.003874   1.39578 -0.004626
0.398472	  1.56181 -0.750696  0.054961   -2.2011  0.003842   1.39578 -0.004603
0.399472	  1.56221 -0.750955   0.05475  -2.20095   0.00381   1.39578 -0.004579
0.400472	  1.56259 -0.751214  0.054536   -2.2008  0.003778   1.39578 -0.004555
0.401472	  1.56297 -0.751474   0.05432  -2.20065  0.003747   1.39579 -0.004531
0.402472	  1.56334 -0.751734  0.054101  -2.20051  0.003716   1.39579 -0.004508
0.403472	   1.5637 -0.751995   0.05388  -2.20036  0.003686   1.39579 -0.004484
0.404472	  1.56405 -0.752256  0.053656  -2.20021  0.003655   1.39579  -0.00446
0.405472	   1.5644 -0.752518  0.053431  -2.20006  0.003625   1.39579 -0.004436
0.406745	  1.56474 -0.752779  0.053203  -2.19991  0.003596    1.3958 -0.004412
0.407745	  1.56507 -0.753041  0.052974  -2.19976  0.003567    1.3958 -0.004388
0.408745	   1.5654 -0.753304  0.052742  -2.19961  0.003538    1.3958 -0.004364
0.409745	  1.56571 -0.753566  0.052508  -2.19946  0.003509   1.39581 -0.004341
0.410745	  1.56602 -0.753829  0.052272  -2.19931  0.003481   1.39581 -0.004317
0.411745	  1.56633 -0.754092  0.052035  -2.19917  0.003453   1.39582 -0.004293
0.412745	  1.56662 -0.754355  0.051796  -2.19902  0.003425   1.39582 -0.004269
0.413745	  1.56691 -0.754618  0.051555  -2.19887  0.003398   1.39582 -0.004245
0.414745	  1.56719 -0.754881  0.051312  -2.19872  0.003371   1.39583 -0.004221
0.415745	  1.56747 -0.755144  0.051067  -2.19857  0.003344   1.39583 -0.004197
0.416745	  1.56774 -0.755407  0.050821  -2.19842  0.003318   1.39584 -0.004173
0.417745	  1.56801 -0.755669  0.050574  -2.19827  0.003292   1.39584 -0.004149
0.418745	  1.56826 -0.755932  0.050325  -2.19812  0.003266   1.39585 -0.004125
0.419745	  1.56851 -0.756195  0.050074  -2.19797  0.003241   1.39585 -0.004101
0.420745	  1.56876 -0.756457  0.049822  -2.19782  0.003216   1.39586 -0.004078
0.421745	    1.569 -0.756719  0.049569  -2.19767  0.003191   1.39586 -0.004054
0.422745	  1.56923 -0.756981  0.049314  -2.19753  0.003166   1.39587  -0.00403
0.423745	  1.56946 -0.757242  0.049058  -2.19738  0.003142   1.39587 -0.004006
0.424745	  1.56968 -0.757504  0.048801  -2.19723  0.003118   1.39588 -0.003982
0.425745	   1.5699 -0.757765  0.048543  -2.19708  0.003094   1.39589 -0.003959
0.426745	  1.57011 -0.758025  0.048283  -2.19693  0.003071   1.39589 -0.003935
0.427745	  1.57031 -0.758285  0.048023  -2.19679  0.003048    1.3959 -0.003911
0.428745	  1.57051 -0.758545  0.047761  -2.19664  0.003025   1.39591 -0.003887
0.429745	  1.57071 -0.758804  0.047499  -2.19649  0.003002   1.39591 -0.003864
0.430745	  1.57089 -0.759063  0.047235  -2.19634   0.00298   1.39592  -0.00384
0.431745	  1.57108 -0.759321  0.046971   -2.1962  0.002958   1.39593 -0.003816
0.432745	  1.57126 -0.759579  0.046706  -2.19605  0.002936   1.39593 -0.003793
0.433745	  1.57143 -0.759836   0.04644  -2.19591  0.002914   1.39594 -0.003769
0.434745	   1.5716 -0.760093  0.046173  -2.19576  0.002893   1.39595 -0.003746
0.435745	  1.57177 -0.760349  0.045906  -2.19562  0.002872   1.39595 -0.003722
0.437037	  1.57193 -0.760604  0.045637  -2.19547  0.002851   1.39596 -0.003699
0.438037	  1.57208 -0.760859  0.045369  -2.19533   0.00283   1.39597 -0.003675
0.439037	  1.57223 -0.761113  0.045099  -2.19518   0.00281   1.39598 -0.003652
0.440037	  1.57238 -0.761366  0.044829  -2.19504   0.00279   1.39598 -0.003629
0.441037	  1.57252 -0.761619  0.044559   -2.1949   0.00277   1.39599 -0.003606
0.442037	  1.57266 -0.761871  0.044287  -2.19475   0.00275     1.396 -0.003582
0.443037	  1.57279 -0.762122  0.044016  -2.19461  0.002731   1.39601 -0.003559
0.444037	  1.57292 -0.762372  0.043744  -2.19447  0.002711   1.39601 -0.003536
0.445037	  1.57305 -0.762622  0.043472  -2.19433  0.002692   1.39602 -0.003513
0.446037	 1.57317 -0.76287 0.043199 -2.19419 0.002673  1.39603 -0.00349
0.447037	  1.57329 -0.763118  0.042926  -2.19405  0.002655   1.39604 -0.003467
0.448037	   1.5734 -0.763365  0.042653  -2.19391  0.002636   1.39604 -0.003444
0.449037	  1.57351 -0.763611   0.04238  -2.19377  0.002618   1.39605 -0.003421
0.450037	  1.57361 -0.763856  0.042106  -2.19363    0.0026   1.39606 -0.003399
0.451037	  1.57372   -0.7641  0.041832  -2.19349  0.002582   1.39607 -0.003376
0.452037	  1.57381 -0.764343  0.041558  -2.19335  0.002565   1.39608 -0.003353
0.453037	  1.57391 -0.764586  0.041284  -2.19322  0.002547   1.39609 -0.003331
0.454037	    1.574 -0.764827   0.04101  -2.19308   0.00253   1.39609 -0.003308
0.455037	  1.57409 -0.765067  0.040736  -2.19294  0.002513    1.3961 -0.003285
0.456037	  1.57417 -0.765307  0.040462  -2.19281  0.002496   1.39611 -0.003263
0.457037	  1.57425 -0.765545  0.040188  -2.19267   0.00248   1.39612 -0.003241
0.458037	  1.57433 -0.765782  0.039914  -2.19254  0.002463   1.39613 -0.003218
0.459037	  1.57441 -0.766018   0.03964  -2.19241  0.002447   1.39613 -0.003196
0.460037	  1.57448 -0.766253  0.039366  -2.19227  0.002431   1.39614 -0.003174
0.461037	  1.57455 -0.766487  0.039093  -2.19214  0.002415   1.39615 -0.003152
0.462037	 1.57461 -0.76672 0.038819 -2.19201 0.002399  1.39616 -0.00313
0.463037	  1.57468 -0.766952  0.038546  -2.19188  0.002384   1.39617 -0.003108
0.464037	  1.57473 -0.767183  0.038273  -2.19175  0.002368   1.39618 -0.003086
0.465037	  1.57479 -0.767412     0.038  -2.19162  0.002353   1.39618 -0.003064
0.466037	  1.57485 -0.767641  0.037728  -2.19149  0.002338   1.39619 -0.003043
0.467037	   1.5749 -0.767868  0.037455  -2.19136  0.002323    1.3962 -0.003021
0.468037	  1.57495 -0.768094  0.037184  -2.19123  0.002308   1.39621 -0.002999
0.469037	  1.57499 -0.768319  0.036912  -2.19111  0.002294   1.39622 -0.002978
0.470037	  1.57504 -0.768543  0.036641  -2.19098  0.002279   1.39623 -0.002957
0.471037	  1.57508 -0.768765  0.036371  -2.19085  0.002265   1.39623 -0.002935
0.472037	  1.57512 -0.768986    0.0361  -2.19073  0.002251   1.39624 -0.002914
0.473037	  1.57515 -0.769206  0.035831  -2.19061  0.002237   1.39625 -0.002893
0.474037	  1.57519 -0.769425  0.035562  -2.19048  0.002223   1.39626 -0.002872
0.475037	  1.57522 -0.769643  0.035293  -2.19036  0.002209   1.39627 -0.002851
0.476037	  1.57525 -0.769859  0.035025  -2.19024  0.002196   1.39627  -0.00283
0.477037	  1.57527 -0.770074  0.034757  -2.19012  0.002182   1.39628 -0.002809
0.478037	   1.5753 -0.770288   0.03449     -2.19  0.002169   1.39629 -0.002788
0.479037	  1.57532 -0.770501  0.034224  -2.18987  0.002156    1.3963 -0.002767
0.480037	  1.57534 -0.770712  0.033958  -2.18976  0.002143   1.39631 -0.002747
0.481037	  1.57536 -0.770922  0.033693  -2.18964   0.00213   1.39632 -0.002726
0.482037	  1.57538  -0.77113  0.033429  -2.18952  0.002117   1.39632 -0.002706
0.483037	  1.57539 -0.771338  0.033165   -2.1894  0.002104   1.39633 -0.002686
0.484037	  1.57541 -0.771544  0.032902  -2.18929  0.002092   1.39634 -0.002665
0.485037	  1.57542 -0.771748   0.03264  -2.18917  0.002079   1.39635 -0.002645
0.486037	  1.57543 -0.771952  0.032378  -2.18906  0.002067   1.39636 -0.002625
0.487037	  1.57543 -0.772154  0.032117  -2.18894  0.002055   1.39636 -0.002605
0.488037	  1.57544 -0.772354  0.031857  -2.18883  0.002043   1.39637 -0.002585
0.489037	  1.57544 -0.772554  0.031598  -2.18872  0.002031   1.39638 -0.002565
0.490037	  1.57545 -0.772752   0.03134  -2.18861  0.002019   1.39639 -0.002546
0.491037	  1.57545 -0.772949  0.031082   -2.1885  0.002007    1.3964 -0.002526
0.492037	  1.57545 -0.773144  0.030826  -2.18839  0.001996    1.3964 -0.002506
0.493037	  1.57544 -0.773338   0.03057  -2.18828  0.001984   1.39641 -0.002487
0.494037	  1.57544  -0.77353  0.030315  -2.18817  0.001973   1.39642 -0.002468
0.495037	  1.57543 -0.773722  0.030061  -2.18806  0.001962   1.39643 -0.002448
0.496037	  1.57543 -0.773911  0.029808  -2.18796   0.00195   1.39643 -0.002429
0.497037	 1.57542  -0.7741 0.029556 -2.18785 0.001939  1.39644 -0.00241
0.498037	  1.57541 -0.774287  0.029304  -2.18774  0.001928   1.39645 -0.002391
0.499037	   1.5754 -0.774473  0.029054  -2.18764  0.001917   1.39646 -0.002372
0.500037	  1.57539 -0.774657  0.028805  -2.18754  0.001907   1.39646 -0.002353
0.501037	  1.57537  -0.77484  0.028556  -2.18743  0.001896   1.39647 -0.002335
0.502037	  1.57536 -0.775021  0.028309  -2.18733  0.001885   1.39648 -0.002316
0.503037	  1.57534 -0.775202  0.028063  -2.18723  0.001875   1.39648 -0.002298
0.504037	  1.57533  -0.77538  0.027818  -2.18713  0.001864   1.39649 -0.002279
0.505037	  1.57531 -0.775558  0.027573  -2.18703  0.001854    1.3965 -0.002261
0.506037	  1.57529 -0.775734   0.02733  -2.18693  0.001844   1.39651 -0.002243
0.507037	  1.57527 -0.775908  0.027088  -2.18683  0.001834   1.39651 -0.002224
0.508037	  1.57525 -0.776081  0.026847  -2.18674  0.001823   1.39652 -0.002206
0.509037	  1.57523 -0.776253  0.026607  -2.18664  0.001813   1.39653 -0.002188
0.510037	   1.5752 -0.776424  0.026368  -2.18655  0.001804   1.39653 -0.002171
0.511037	  1.57518 -0.776593  0.026131  -2.18645  0.001794   1.39654 -0.002153
0.512037	  1.57516  -0.77676  0.025894  -2.18636  0.001784   1.39655 -0.002135
0.513037	  1.57513 -0.776926  0.025658  -2.18626  0.001774   1.39655 -0.002118
0.514037	   1.5751 -0.777091  0.025424  -2.18617  0.001765   1.39656   -0.0021
0.515037	  1.57507 -0.777255  0.025191  -2.18608  0.001755   1.39657 -0.002083
0.516037	  1.57505 -0.777417  0.024959  -2.18599  0.001746   1.39657 -0.002066
0.517037	  1.57502 -0.777577  0.024728   -2.1859  0.001736   1.39658 -0.002048
0.518037	  1.57499 -0.777736  0.024498  -2.18581  0.001727   1.39659 -0.002031
0.519037	  1.57496 -0.777894   0.02427  -2.18572  0.001718   1.39659 -0.002014
0.520037	  1.57492 -0.778051  0.024042  -2.18563  0.001709    1.3966 -0.001997
0.521037	  1.57489 -0.778206  0.023816  -2.18555    0.0017   1.39661 -0.001981
0.522037	  1.57486 -0.778359  0.023591  -2.18546   0.00169   1.39661 -0.001964
0.523037	  1.57483 -0.778512  0.023367  -2.18538  0.001682   1.39662 -0.001947
0.524037	  1.57479 -0.778662  0.023145  -2.18529  0.001673   1.39662 -0.001931
0.525037	  1.57476 -0.778812  0.022923  -2.18521  0.001664   1.39663 -0.001915
0.526037	  1.57472  -0.77896  0.022703  -2.18513  0.001655   1.39663 -0.001898
0.527037	  1.57469 -0.779107  0.022484  -2.18505  0.001646   1.39664 -0.001882
0.528037	  1.57465 -0.779252  0.022266  -2.18496  0.001638   1.39665 -0.001866
0.529037	  1.57462 -0.779396   0.02205  -2.18488  0.001629   1.39665  -0.00185
0.530037	  1.57458 -0.779539  0.021835   -2.1848  0.001621   1.39666 -0.001834
0.531037	  1.57454  -0.77968  0.021621  -2.18472  0.001612   1.39666 -0.001818
0.532037	   1.5745  -0.77982  0.021408  -2.18465  0.001604   1.39667 -0.001803
0.533037	  1.57447 -0.779958  0.021197  -2.18457  0.001595   1.39667 -0.001787
0.534037	  1.57443 -0.780095  0.020987  -2.18449  0.001587   1.39668 -0.001771
0.535037	  1.57439 -0.780231  0.020778  -2.18442  0.001579   1.39668 -0.001756
0.536037	  1.57435 -0.780365   0.02057  -2.18434  0.001571   1.39669 -0.001741
0.537037	  1.57431 -0.780498  0.020364  -2.18427  0.001563   1.39669 -0.001726
0.538037	 1.57427 -0.78063 0.020159  -2.1842 0.001554   1.3967 -0.00171
0.539037	  1.57423  -0.78076  0.019955  -2.18412  0.001546    1.3967 -0.001695
0.540037	  1.57419 -0.780889  0.019752  -2.18405  0.001538   1.39671  -0.00168
0.541037	  1.57415 -0.781017  0.019551  -2.18398  0.001531   1.39671 -0.001666
0.542037	  1.57411 -0.781143  0.019351  -2.18391  0.001523   1.39672 -0.001651
0.543037	  1.57406 -0.781268  0.019152  -2.18384  0.001515   1.39672 -0.001636
0.544037	  1.57402 -0.781392  0.018955  -2.18377  0.001507   1.39673 -0.001622
0.545037	  1.57398 -0.781514  0.018759   -2.1837  0.001499   1.39673 -0.001607
0.546037	  1.57394 -0.781636  0.018564  -2.18364  0.001492   1.39674 -0.001593
0.547037	   1.5739 -0.781743   0.01839  -2.18358  0.001485   1.39674  -0.00158
0.548037	  1.57386 -0.781862  0.018198  -2.18351  0.001477   1.39674 -0.001566
0.549037	  1.57381 -0.781979  0.018007  -2.18345   0.00147   1.39675 -0.001552
0.550037	  1.57377 -0.782095  0.017817  -2.18338  0.001462   1.39675 -0.001538
0.551037	  1.57373  -0.78221  0.017629  -2.18332  0.001455   1.39676 -0.001524
0.552037	  1.57369 -0.782323  0.017441  -2.18325  0.001447   1.39676  -0.00151
0.553037	  1.57364 -0.782435  0.017256  -2.18319   0.00144   1.39677 -0.001497
0.554037	   1.5736 -0.782546  0.017071  -2.18313  0.001433   1.39677 -0.001483
0.555037	  1.57356 -0.782656  0.016888  -2.18307  0.001425   1.39677  -0.00147
0.556037	  1.57351 -0.782764  0.016706  -2.18301  0.001418   1.39678 -0.001456
0.557037	  1.57347 -0.782871  0.016525  -2.18295  0.001411   1.39678 -0.001443
0.558037	  1.57343 -0.782977  0.016346  -2.18289  0.001404   1.39678  -0.00143
0.559037	  1.57339 -0.783082  0.016168  -2.18284  0.001397   1.39679 -0.001417
0.560037	  1.57334 -0.783185  0.015991  -2.18278   0.00139   1.39679 -0.001403
0.561037	   1.5733 -0.783287  0.015816  -2.18272  0.001383    1.3968 -0.001391
0.562037	  1.57326 -0.783388  0.015642  -2.18267  0.001376    1.3968 -0.001378
0.563037	  1.57321 -0.783487  0.015469  -2.18261  0.001369    1.3968 -0.001365
0.564037	  1.57317 -0.783586  0.015298  -2.18256  0.001362   1.39681 -0.001352
0.565037	  1.57313 -0.783683  0.015127   -2.1825  0.001355   1.39681  -0.00134
0.566037	  1.57308 -0.783779  0.014958  -2.18245  0.001348   1.39681 -0.001327
0.567037	  1.57304 -0.783874  0.014791   -2.1824  0.001341   1.39681 -0.001315
0.568037	    1.573 -0.783967  0.014624  -2.18235  0.001334   1.39682 -0.001303
0.569037	 1.57295 -0.78406 0.014459 -2.18229 0.001327  1.39682 -0.00129
0.570037	  1.57291 -0.784151  0.014295  -2.18224  0.001321   1.39682 -0.001278
0.571037	  1.57287 -0.784241  0.014133   -2.1822  0.001314   1.39682 -0.001266
0.572037	  1.57283  -0.78433  0.013972  -2.18215  0.001307   1.39683 -0.001254
0.573037	  1.57278 -0.784417  0.013812   -2.1821  0.001301   1.39683 -0.001243
0.574037	  1.57274 -0.784504  0.013653  -2.18205  0.001294   1.39683 -0.001231
0.575037	   1.5727 -0.784589  0.013496    -2.182  0.001288   1.39684 -0.001219
0.576037	  1.57266 -0.784673  0.013339  -2.18196  0.001281   1.39684 -0.001208
0.577037	  1.57262 -0.784756  0.013185  -2.18191  0.001275   1.39684 -0.001196
0.578037	  1.57257 -0.784838  0.013031  -2.18187  0.001268   1.39684 -0.001185
0.579037	  1.57253 -0.784919  0.012878  -2.18182  0.001262   1.39684 -0.001173
0.580037	  1.57249 -0.784999  0.012727  -2.18178  0.001255   1.39685 -0.001162
0.581037	  1.57245 -0.785078  0.012577  -2.18174  0.001249   1.39685 -0.001151
0.582037	  1.57241 -0.785155  0.012429  -2.18169  0.001243   1.39685  -0.00114
0.583037	  1.57237 -0.785231  0.012281  -2.18165  0.001236   1.39685 -0.001129
0.584037	  1.57233 -0.785307  0.012135  -2.18161   0.00123   1.39686 -0.001118
0.585037	  1.57229 -0.785381   0.01199  -2.18157  0.001224   1.39686 -0.001107
0.586037	  1.57225 -0.785454  0.011847  -2.18153  0.001218   1.39686 -0.001097
0.587037	  1.57221 -0.785526  0.011704  -2.18149  0.001211   1.39686 -0.001086
0.588037	  1.57217 -0.785597  0.011563  -2.18145  0.001205   1.39686 -0.001076
0.589037	  1.57213 -0.785667  0.011423  -2.18141  0.001199   1.39687 -0.001065
0.590037	  1.57209 -0.785736  0.011284  -2.18137  0.001193   1.39687 -0.001055
0.591037	  1.57205 -0.785804  0.011147  -2.18134  0.001187   1.39687 -0.001045
0.592037	  1.57201 -0.785871   0.01101   -2.1813  0.001181   1.39687 -0.001034
0.593037	  1.57197 -0.785937  0.010875  -2.18126  0.001175   1.39687 -0.001024
0.594037	  1.57193 -0.786001  0.010741  -2.18123  0.001169   1.39687 -0.001014
0.595037	   1.5719 -0.786065  0.010608  -2.18119  0.001163   1.39687 -0.001004
0.596037	  1.57186 -0.786128  0.010477  -2.18116  0.001157   1.39688 -0.000994
0.597037	  1.57182  -0.78619  0.010346  -2.18113  0.001151   1.39688 -0.000985
0.598037	  1.57178  -0.78625  0.010217  -2.18109  0.001145   1.39688 -0.000975
0.599037	  1.57175  -0.78631  0.010089  -2.18106  0.001139   1.39688 -0.000965
0.600037	  1.57171 -0.786369  0.009962  -2.18103  0.001133   1.39688 -0.000956
0.601037	  1.57167 -0.786427  0.009836    -2.181  0.001127   1.39688 -0.000946
0.602037	  1.57164 -0.786484  0.009712  -2.18097  0.001122   1.39688 -0.000937
0.603037	   1.5716  -0.78654  0.009588  -2.18093  0.001116   1.39688 -0.000928
0.604037	  1.57157 -0.786594  0.009466  -2.18091   0.00111   1.39688 -0.000918
0.605037	  1.57153 -0.786649  0.009345  -2.18088  0.001104   1.39688 -0.000909
0.606037	   1.5715 -0.786702  0.009225  -2.18085  0.001099   1.39688   -0.0009
0.607037	  1.57146 -0.786754  0.009106  -2.18082  0.001093   1.39688 -0.000891
0.608037	  1.57143 -0.786805  0.008988  -2.18079  0.001087   1.39688 -0.000882
0.609037	  1.57139 -0.786855  0.008871  -2.18076  0.001082   1.39689 -0.000873
0.610037	  1.57136 -0.786905  0.008756  -2.18074  0.001076   1.39689 -0.000865
0.611037	  1.57133 -0.786953  0.008641  -2.18071   0.00107   1.39689 -0.000856
0.612037	  1.57129 -0.787001  0.008528  -2.18068  0.001065   1.39689 -0.000847
0.613037	  1.57126 -0.787048  0.008416  -2.18066  0.001059   1.39689 -0.000839
0.614037	  1.57123 -0.787093  0.008305  -2.18064  0.001054   1.39689  -0.00083
0.615037	  1.57119 -0.787138  0.008195  -2.18061  0.001048   1.39689 -0.000822
0.616037	  1.57116 -0.787183  0.008086  -2.18059  0.001043   1.39689 -0.000814
0.617037	  1.57113 -0.787226  0.007978  -2.18056  0.001037   1.39689 -0.000805
0.618037	   1.5711 -0.787268  0.007871  -2.18054  0.001032   1.39689 -0.000797
0.619037	  1.57107  -0.78731  0.007765  -2.18052  0.001026   1.39689 -0.000789
0.620037	  1.57104 -0.787351   0.00766   -2.1805  0.001021   1.39689 -0.000781
0.621037	  1.57101 -0.787391  0.007557  -2.18047  0.001016   1.39689 -0.000773
0.622037	  1.57098  -0.78743  0.007454  -2.18045   0.00101   1.39689 -0.000765
0.623037	  1.57095 -0.787468  0.007352  -2.18043  0.001005   1.39689 -0.000757
0.624037	  1.57092 -0.787505  0.007252  -2.18041     0.001   1.39689 -0.000749
0.625037	  1.57089 -0.787542  0.007152  -2.18039  0.000994   1.39689 -0.000742
0.626037	  1.57086 -0.787578  0.007054  -2.18037  0.000989   1.39689 -0.000734
0.627037	  1.57083 -0.787613  0.006956  -2.18035  0.000984   1.39689 -0.000727
0.628037	   1.5708 -0.787648   0.00686  -2.18034  0.000979   1.39689 -0.000719
0.629037	  1.57078 -0.787681  0.006764  -2.18032  0.000973   1.39689 -0.000712
0.630037	  1.57075 -0.787714   0.00667   -2.1803  0.000968   1.39689 -0.000704
0.631037	  1.57072 -0.787746  0.006576  -2.18028  0.000963   1.39689 -0.000697
0.632037	  1.57069 -0.787777  0.006484  -2.18027  0.000958   1.39688  -0.00069
0.633037	  1.57067 -0.787808  0.006392  -2.18025  0.000953   1.39688 -0.000683
0.634037	  1.57064 -0.787838  0.006301  -2.18023  0.000948   1.39688 -0.000676
0.635037	  1.57062 -0.787867  0.006212  -2.18022  0.000943   1.39688 -0.000669
0.636037	  1.57059 -0.787895  0.006123   -2.1802  0.000938   1.39688 -0.000662
0.637037	  1.57057 -0.787923  0.006035  -2.18019  0.000933   1.39688 -0.000655
0.638037	  1.57054  -0.78795  0.005948  -2.18017  0.000928   1.39688 -0.000648
0.639037	  1.57052 -0.787976  0.005863  -2.18016  0.000923   1.39688 -0.000641
0.640037	  1.57049 -0.788002  0.005778  -2.18015  0.000918   1.39688 -0.000635
0.641037	  1.57047 -0.788027  0.005694  -2.18013  0.000913   1.39688 -0.000628
0.642037	  1.57045 -0.788051  0.005611  -2.18012  0.000908   1.39688 -0.000621
0.643037	  1.57042 -0.788074  0.005528  -2.18011  0.000903   1.39688 -0.000615
0.644037	   1.5704 -0.788097  0.005447   -2.1801  0.000898   1.39688 -0.000608
0.645037	  1.57038  -0.78812  0.005367  -2.18008  0.000893   1.39688 -0.000602
0.646037	  1.57035 -0.788141  0.005287  -2.18007  0.000888   1.39687 -0.000596
0.647037	  1.57033 -0.788162  0.005209  -2.18006  0.000883   1.39687 -0.000589
0.648037	  1.57031 -0.788182  0.005131  -2.18005  0.000878   1.39687 -0.000583
0.649037	  1.57029 -0.788202  0.005054  -2.18004  0.000874   1.39687 -0.000577
0.650037	  1.57027 -0.788221  0.004978  -2.18003  0.000869   1.39687 -0.000571
0.651037	  1.57025  -0.78824  0.004903  -2.18002  0.000864   1.39687 -0.000565
0.652037	  1.57023 -0.788258  0.004829  -2.18001  0.000859   1.39687 -0.000559
0.653037	  1.57021 -0.788275  0.004755     -2.18  0.000855   1.39687 -0.000553
0.654037	  1.57019 -0.788291  0.004682  -2.17999   0.00085   1.39687 -0.000547
0.655037	  1.57017 -0.788307  0.004611  -2.17999  0.000845   1.39686 -0.000541
0.656037	  1.57015 -0.788323   0.00454  -2.17998   0.00084   1.39686 -0.000536
0.657037	  1.57013 -0.788338   0.00447  -2.17997  0.000836   1.39686  -0.00053
0.658037	  1.57011 -0.788352    0.0044  -2.17996  0.000831   1.39686 -0.000524
0.659037	  1.57009 -0.788366  0.004332  -2.17996  0.000827   1.39686 -0.000519
0.660037	  1.57008 -0.788379  0.004264  -2.17995  0.000822   1.39686 -0.000513
0.661037	  1.57006 -0.788392  0.004197  -2.17994  0.000817   1.39685 -0.000508
0.662037	  1.57004 -0.788404  0.004131  -2.17994  0.000813   1.39685 -0.000502
0.663037	  1.57002 -0.788416  0.004066  -2.17993  0.000808   1.39685 -0.000497
0.664037	  1.57001 -0.788427  0.004001  -2.17992  0.000804   1.39685 -0.000492
0.665037	  1.56999 -0.788437  0.003938  -2.17992  0.000799   1.39685 -0.000486
0.666037	  1.56997 -0.788447  0.003875  -2.17991  0.000795   1.39685 -0.000481
0.667037	  1.56996 -0.788457  0.003812  -2.17991   0.00079   1.39684 -0.000476
0.668037	  1.56994 -0.788466  0.003751  -2.17991  0.000786   1.39684 -0.000471
0.669037	  1.56993 -0.788474   0.00369   -2.1799  0.000781   1.39684 -0.000466
0.670037	  1.56991 -0.788482   0.00363   -2.1799  0.000777   1.39684 -0.000461
0.671037	   1.5699  -0.78849  0.003571  -2.17989  0.000772   1.39684 -0.000456
0.672037	  1.56988 -0.788497  0.003512  -2.17989  0.000768   1.39684 -0.000451
0.673037	  1.56987 -0.788503  0.003454  -2.17989  0.000764   1.39683 -0.000446
0.674037	  1.56986 -0.788509  0.003397  -2.17988  0.000759   1.39683 -0.000441
0.675037	  1.56984 -0.788515  0.003341  -2.17988  0.000755   1.39683 -0.000437
0.676037	  1.56983  -0.78852  0.003285  -2.17988  0.000751   1.39683 -0.000432
0.677037	  1.56982 -0.788525   0.00323  -2.17988  0.000746   1.39683 -0.000427
0.678037	   1.5698 -0.788529  0.003176  -2.17988  0.000742   1.39682 -0.000423
0.679587	  1.56979 -0.788533  0.003122  -2.17987  0.000738   1.39682 -0.000418
0.680587	  1.56978 -0.788537  0.003069  -2.17987  0.000734   1.39682 -0.000414
0.681587	  1.56977  -0.78854  0.003017  -2.17987  0.000729   1.39682 -0.000409
0.682587	  1.56976 -0.788542  0.002965  -2.17987  0.000725   1.39682 -0.000405
0.683587	  1.56974 -0.788544  0.002914  -2.17987  0.000721   1.39681   -0.0004
0.684587	  1.56973 -0.788546  0.002864  -2.17987  0.000717   1.39681 -0.000396
0.685587	  1.56972 -0.788547  0.002814  -2.17987  0.000713   1.39681 -0.000392
0.686587	  1.56971 -0.788548  0.002765  -2.17987  0.000708   1.39681 -0.000387
0.687587	   1.5697 -0.788549  0.002717  -2.17987  0.000704   1.39681 -0.000383
0.688587	  1.56969 -0.788549  0.002669  -2.17987    0.0007   1.39681 -0.000379
0.689587	  1.56968 -0.788549  0.002622  -2.17987  0.000696    1.3968 -0.000375
0.690587	  1.56967 -0.788548  0.002576  -2.17987  0.000692    1.3968 -0.000371
0.691587	  1.56966 -0.788547   0.00253  -2.17987  0.000688    1.3968 -0.000367
0.692587	  1.56965 -0.788546  0.002484  -2.17987  0.000684    1.3968 -0.000363
0.693587	  1.56964 -0.788544   0.00244  -2.17987   0.00068   1.39679 -0.000359
0.694587	  1.56964 -0.788542  0.002396  -2.17988  0.000676   1.39679 -0.000355
0.695587	  1.56963  -0.78854  0.002352  -2.17988  0.000672   1.39679 -0.000351
0.696587	  1.56962 -0.788537  0.002309  -2.17988  0.000668   1.39679 -0.000347
0.697587	  1.56961 -0.788534  0.002267  -2.17988  0.000664   1.39678 -0.000343
0.698587	   1.5696 -0.788531  0.002225  -2.17988   0.00066   1.39678  -0.00034
0.699587	   1.5696 -0.788527  0.002184  -2.17989  0.000656   1.39678 -0.000336
0.700587	  1.56959 -0.788523  0.002143  -2.17989  0.000652   1.39678 -0.000332
0.701587	  1.56958 -0.788519  0.002103  -2.17989  0.000648   1.39678 -0.000329
0.702587	  1.56958 -0.788514  0.002064  -2.17989  0.000644   1.39677 -0.000325
0.703587	  1.56957 -0.788509  0.002025   -2.1799   0.00064   1.39677 -0.000322
0.704587	  1.56956 -0.788504  0.001986   -2.1799  0.000637   1.39677 -0.000318
0.705587	  1.56956 -0.788498  0.001948   -2.1799  0.000633   1.39677 -0.000315
0.706587	  1.56955 -0.788492  0.001911  -2.17991  0.000629   1.39676 -0.000311
0.707587	  1.56955 -0.788486  0.001874  -2.17991  0.000625   1.39676 -0.000308
0.708587	  1.56954  -0.78848  0.001838  -2.17992  0.000621   1.39676 -0.000304
0.709587	  1.56953 -0.788473  0.001802  -2.17992  0.000618   1.39676 -0.000301
0.710587	  1.56953 -0.788466  0.001767  -2.17992  0.000614   1.39675 -0.000298
0.711587	  1.56953 -0.788459  0.001732  -2.17993   0.00061   1.39675 -0.000295
0.713274	  1.56952 -0.788451  0.001698  -2.17993  0.000606   1.39675 -0.000291
0.714274	  1.56952 -0.788443  0.001664  -2.17994  0.000603   1.39675 -0.000288
0.715274	  1.56951 -0.788435  0.001631  -2.17994  0.000599   1.39674 -0.000285
0.716274	  1.56951 -0.788427  0.001598  -2.17995  0.000595   1.39674 -0.000282
0.717274	   1.5695 -0.788419  0.001565  -2.17995  0.000592   1.39674 -0.000279
0.718274	   1.5695  -0.78841  0.001533  -2.17996  0.000588   1.39674 -0.000276
0.719274	   1.5695 -0.788401  0.001502  -2.17996  0.000585   1.39674 -0.000273
0.720274	  1.56949 -0.788392  0.001471  -2.17997  0.000581   1.39673  -0.00027
0.721274	  1.56949 -0.788382  0.001441  -2.17997  0.000577   1.39673 -0.000267
0.722274	  1.56949 -0.788373  0.001411  -2.17998  0.000574   1.39673 -0.000264
0.723274	  1.56949 -0.788363  0.001381  -2.17999   0.00057   1.39672 -0.000261
0.724274	  1.56948 -0.788353  0.001352  -2.17999  0.000567   1.39672 -0.000258
0.725274	  1.56948 -0.788342  0.001323     -2.18  0.000563   1.39672 -0.000255
0.726274	  1.56948 -0.788332  0.001295     -2.18   0.00056   1.39672 -0.000253
0.727274	  1.56948 -0.788321  0.001267  -2.18001  0.000556   1.39671  -0.00025
0.728274	  1.56947  -0.78831  0.001239  -2.18002  0.000553   1.39671 -0.000247
0.729274	  1.56947 -0.788299  0.001212  -2.18002  0.000549   1.39671 -0.000244
0.730274	  1.56947 -0.788288  0.001186  -2.18003  0.000546   1.39671 -0.000242
0.731274	  1.56947 -0.788276   0.00116  -2.18004  0.000542    1.3967 -0.000239
0.732274	  1.56947 -0.788265  0.001134  -2.18004  0.000539    1.3967 -0.000236
0.733274	  1.56947 -0.788253  0.001109  -2.18005  0.000536    1.3967 -0.000234
0.734274	  1.56947 -0.788241  0.001084  -2.18006  0.000532    1.3967 -0.000231
0.735274	  1.56947 -0.788229  0.001059  -2.18006  0.000529   1.39669 -0.000229
0.736274	  1.56946 -0.788216  0.001035  -2.18007  0.000526   1.39669 -0.000226
0.737274	  1.56946 -0.788204  0.001011  -2.18008  0.000522   1.39669 -0.000224
0.738274	  1.56946 -0.788191  0.000987  -2.18009  0.000519   1.39669 -0.000221
0.739274	  1.56946 -0.788178  0.000964  -2.18009  0.000516   1.39668 -0.000219
0.740274	  1.56946 -0.788165  0.000942   -2.1801  0.000512   1.39668 -0.000217
0.741274	  1.56946 -0.788152  0.000919  -2.18011  0.000509   1.39668 -0.000214
0.742274	  1.56946 -0.788139  0.000897  -2.18012  0.000506   1.39668 -0.000212
0.743274	  1.56946 -0.788126  0.000876  -2.18012  0.000503   1.39667  -0.00021
0.744274	  1.56947 -0.788112  0.000855  -2.18013  0.000499   1.39667 -0.000207
0.745274	  1.56947 -0.788099  0.000834  -2.18014  0.000496   1.39667 -0.000205
0.746274	  1.56947 -0.788085  0.000813  -2.18015  0.000493   1.39667 -0.000203
0.747274	  1.56947 -0.788071  0.000793  -2.18016   0.00049   1.39666 -0.000201
0.748274	  1.56947 -0.788057  0.000773  -2.18016  0.000487   1.39666 -0.000198
0.749274	  1.56947 -0.788043  0.000753  -2.18017  0.000484   1.39666 -0.000196
0.750274	  1.56947 -0.788029  0.000734  -2.18018   0.00048   1.39665 -0.000194
0.751274	  1.56947 -0.788014  0.000715  -2.18019  0.000477   1.39665 -0.000192
0.752274	 1.56947   -0.788 0.000697 -2.18019 0.000474  1.39665 -0.00019
0.753274	  1.56947 -0.787985  0.000678   -2.1802  0.000471   1.39665 -0.000188
0.754274	  1.56948 -0.787971   0.00066  -2.18021  0.000468   1.39664 -0.000186
0.755274	  1.56948 -0.787956  0.000643  -2.18022  0.000465   1.39664 -0.000184
0.756274	  1.56948 -0.787941  0.000625  -2.18023  0.000462   1.39664 -0.000182
0.757274	  1.56948 -0.787926  0.000608  -2.18024  0.000459   1.39664  -0.00018
0.758274	  1.56949 -0.787911  0.000592  -2.18025  0.000456   1.39664 -0.000178
0.759274	  1.56949 -0.787896  0.000575  -2.18025  0.000453   1.39663 -0.000176
0.760274	  1.56949 -0.787881  0.000559  -2.18026   0.00045   1.39663 -0.000174
0.761274	  1.56949 -0.787865  0.000543  -2.18027  0.000447   1.39663 -0.000172
0.762274	   1.5695  -0.78785  0.000528  -2.18028  0.000444   1.39663 -0.000171
0.763274	   1.5695 -0.787835  0.000512  -2.18029  0.000441   1.39662 -0.000169
0.764274	   1.5695 -0.787819  0.000497   -2.1803  0.000438   1.39662 -0.000167
0.765274	   1.5695 -0.787804  0.000483  -2.18031  0.000435   1.39662 -0.000165
0.766274	  1.56951 -0.787788  0.000468  -2.18032  0.000433   1.39661 -0.000163
0.767274	  1.56951 -0.787772  0.000454  -2.18032   0.00043   1.39661 -0.000162
0.768274	  1.56951 -0.787757   0.00044  -2.18033  0.000427   1.39661  -0.00016
0.769274	  1.56952 -0.787741  0.000426  -2.18034  0.000424   1.39661 -0.000158
0.770274	  1.56952 -0.787725  0.000413  -2.18035  0.000421    1.3966 -0.000156
0.771274	  1.56952 -0.787709  0.000399  -2.18036  0.000418    1.3966 -0.000155
0.772274	  1.56953 -0.787693  0.000386  -2.18037  0.000416    1.3966 -0.000153
0.773274	  1.56953 -0.787677  0.000374  -2.18038  0.000413    1.3966 -0.000152
0.774274	  1.56953 -0.787661  0.000361  -2.18039   0.00041   1.39659  -0.00015
0.775274	  1.56954 -0.787645  0.000349   -2.1804  0.000407   1.39659 -0.000148
0.776274	  1.56954 -0.787629  0.000337  -2.18041  0.000404   1.39659 -0.000147
0.777274	  1.56954 -0.787613  0.000325  -2.18041  0.000402   1.39659 -0.000145
0.778274	  1.56955 -0.787597  0.000314  -2.18043  0.000399   1.39658 -0.000144
0.779274	  1.56955  -0.78758  0.000302  -2.18043  0.000396   1.39658 -0.000142
0.780274	  1.56956 -0.787564  0.000291  -2.18044  0.000394   1.39658 -0.000141
0.781274	  1.56956 -0.787548  0.000281  -2.18045  0.000391   1.39658 -0.000139
0.782274	  1.56957 -0.787532   0.00027  -2.18046  0.000388   1.39657 -0.000138
0.783274	  1.56957 -0.787515  0.000259  -2.18047  0.000386   1.39657 -0.000136
0.784274	  1.56957 -0.787499  0.000249  -2.18048  0.000383   1.39657 -0.000135
0.785274	  1.56958 -0.787483  0.000239  -2.18049   0.00038   1.39657 -0.000133
0.786274	  1.56958 -0.787466  0.000229   -2.1805  0.000378   1.39656 -0.000132
0.787274	  1.56959  -0.78745   0.00022  -2.18051  0.000375   1.39656 -0.000131
0.788274	  1.56959 -0.787433   0.00021  -2.18052  0.000373   1.39656 -0.000129
0.789274	   1.5696 -0.787417  0.000201  -2.18053   0.00037   1.39656 -0.000128
0.790274	   1.5696 -0.787401  0.000192  -2.18053  0.000368   1.39655 -0.000127
0.791274	  1.56961 -0.787384  0.000183  -2.18054  0.000365   1.39655 -0.000125
0.792274	  1.56961 -0.787368  0.000175  -2.18055  0.000363   1.39655 -0.000124
0.793274	  1.56962 -0.787352  0.000166  -2.18056   0.00036   1.39655 -0.000123
0.794274	  1.56962 -0.787335  0.000158  -2.18057  0.000358   1.39654 -0.000121
0.795274	  1.56963 -0.787319   0.00015  -2.18058  0.000355   1.39654  -0.00012
0.796274	  1.56963 -0.787302  0.000142  -2.18059  0.000353   1.39654 -0.000119
0.797274	  1.56964 -0.787286  0.000134   -2.1806   0.00035   1.39654 -0.000118
0.798274	  1.56964  -0.78727  0.000127  -2.18061  0.000348   1.39654 -0.000117
0.799274	  1.56965 -0.787253  0.000119  -2.18062  0.000345   1.39653 -0.000115
0.800274	  1.56965 -0.787237  0.000112  -2.18063  0.000343   1.39653 -0.000114
0.801274	  1.56966 -0.787221  0.000105  -2.18064  0.000341   1.39653 -0.000113
0.802274	  1.56966 -0.787204   9.8e-05  -2.18065  0.000338   1.39653 -0.000112
0.803274	  1.56967 -0.787188   9.1e-05  -2.18065  0.000336   1.39652 -0.000111
0.804274	  1.56967 -0.787172   8.5e-05  -2.18066  0.000333   1.39652  -0.00011
0.805274	  1.56968 -0.787155   7.8e-05  -2.18067  0.000331   1.39652 -0.000108
0.806274	  1.56968 -0.787139   7.2e-05  -2.18068  0.000329   1.39652 -0.000107
0.807274	  1.56969 -0.787123   6.6e-05  -2.18069  0.000327   1.39651 -0.000106
0.808274	   1.5697 -0.787107     6e-05   -2.1807  0.000324   1.39651 -0.000105
0.809274	   1.5697 -0.787091   5.4e-05  -2.18071  0.000322   1.39651 -0.000104
0.810274	  1.56971 -0.787075   4.8e-05  -2.18072   0.00032   1.39651 -0.000103
0.811274	  1.56971 -0.787059   4.3e-05  -2.18073  0.000317   1.39651 -0.000102
0.812274	  1.56972 -0.787042   3.7e-05  -2.18074  0.000315    1.3965 -0.000101
0.813274	  1.56972 -0.787026   3.2e-05  -2.18075  0.000313    1.3965   -0.0001
0.814274	 1.56973 -0.78701  2.7e-05 -2.18075 0.000311   1.3965 -9.9e-05
0.815274	  1.56973 -0.786995   2.2e-05  -2.18076  0.000308    1.3965  -9.8e-05
0.816274	  1.56974 -0.786979   1.7e-05  -2.18077  0.000306    1.3965  -9.7e-05
0.817274	  1.56975 -0.786963   1.2e-05  -2.18078  0.000304   1.39649  -9.6e-05
0.818274	  1.56975 -0.786947     8e-06  -2.18079  0.000302   1.39649  -9.5e-05
0.819274	  1.56976 -0.786931     3e-06   -2.1808    0.0003   1.39649  -9.4e-05
0.820274	  1.56976 -0.786915    -1e-06  -2.18081  0.000298   1.39649  -9.3e-05
0.821274	 1.56977  -0.7869   -6e-06 -2.18082 0.000295  1.39648 -9.2e-05
0.822274	  1.56977 -0.786884    -1e-05  -2.18083  0.000293   1.39648  -9.1e-05
0.823274	  1.56978 -0.786868  -1.4e-05  -2.18084  0.000291   1.39648  -9.1e-05
0.824274	  1.56979 -0.786853  -1.8e-05  -2.18084  0.000289   1.39648    -9e-05
0.825274	  1.56979 -0.786837  -2.2e-05  -2.18085  0.000287   1.39648  -8.9e-05
0.826274	   1.5698 -0.786822  -2.5e-05  -2.18086  0.000285   1.39647  -8.8e-05
0.827274	   1.5698 -0.786807  -2.9e-05  -2.18087  0.000283   1.39647  -8.7e-05
0.828274	  1.56981 -0.786791  -3.2e-05  -2.18088  0.000281   1.39647  -8.6e-05
0.829274	  1.56982 -0.786776  -3.6e-05  -2.18089  0.000279   1.39647  -8.5e-05
0.830274	  1.56982 -0.786761  -3.9e-05   -2.1809  0.000277   1.39647  -8.5e-05
0.831274	  1.56983 -0.786745  -4.2e-05   -2.1809  0.000275   1.39646  -8.4e-05
0.832274	 1.56983 -0.78673 -4.5e-05 -2.18091 0.000273  1.39646 -8.3e-05
0.833274	  1.56984 -0.786715  -4.8e-05  -2.18092  0.000271   1.39646  -8.2e-05
0.834274	 1.56985  -0.7867 -5.1e-05 -2.18093 0.000269  1.39646 -8.1e-05
0.835274	  1.56985 -0.786685  -5.4e-05  -2.18094  0.000267   1.39646  -8.1e-05
0.836274	 1.56986 -0.78667 -5.7e-05 -2.18095 0.000265  1.39645   -8e-05
0.837274	  1.56986 -0.786656  -5.9e-05  -2.18095  0.000263   1.39645  -7.9e-05
0.838274	  1.56987 -0.786641  -6.2e-05  -2.18096  0.000261   1.39645  -7.8e-05
0.839274	  1.56988 -0.786626  -6.4e-05  -2.18097  0.000259   1.39645  -7.8e-05
0.840274	  1.56988 -0.786612  -6.6e-05  -2.18098  0.000257   1.39645  -7.7e-05
0.841274	  1.56989 -0.786597  -6.9e-05  -2.18099  0.000255   1.39644  -7.6e-05
0.842274	  1.56989 -0.786582  -7.1e-05  -2.18099  0.000254   1.39644  -7.5e-05
0.843274	   1.5699 -0.786568  -7.3e-05    -2.181  0.000252   1.39644  -7.5e-05
0.844274	  1.56991 -0.786554  -7.5e-05  -2.18101   0.00025   1.39644  -7.4e-05
0.845274	  1.56991 -0.786539  -7.7e-05  -2.18102  0.000248   1.39644  -7.3e-05
0.846274	  1.56992 -0.786525  -7.9e-05  -2.18103  0.000246   1.39643  -7.3e-05
0.847274	  1.56993 -0.786511  -8.1e-05  -2.18104  0.000244   1.39643  -7.2e-05
0.848274	  1.56993 -0.786497  -8.2e-05  -2.18104  0.000243   1.39643  -7.1e-05
0.849274	  1.56994 -0.786483  -8.4e-05  -2.18105  0.000241   1.39643  -7.1e-05
0.850274	  1.56994 -0.786469  -8.5e-05  -2.18106  0.000239   1.39643    -7e-05
0.851274	  1.56995 -0.786455  -8.7e-05  -2.18107  0.000237   1.39643  -6.9e-05
0.852274	  1.56995 -0.786441  -8.8e-05  -2.18107  0.000235   1.39642  -6.9e-05
0.853274	  1.56996 -0.786428    -9e-05  -2.18108  0.000234   1.39642  -6.8e-05
0.854274	  1.56997 -0.786414  -9.1e-05  -2.18109  0.000232   1.39642  -6.8e-05
0.855274	 1.56997  -0.7864 -9.2e-05  -2.1811  0.00023  1.39642 -6.7e-05
0.856274	  1.56998 -0.786387  -9.3e-05  -2.18111  0.000228   1.39642  -6.6e-05
0.857274	  1.56998 -0.786373  -9.5e-05  -2.18111  0.000227   1.39641  -6.6e-05
0.858274	 1.56999 -0.78636 -9.6e-05 -2.18112 0.000225  1.39641 -6.5e-05
0.859274	     1.57 -0.786347  -9.7e-05  -2.18113  0.000223   1.39641  -6.5e-05
0.860274	     1.57 -0.786334  -9.8e-05  -2.18113  0.000222   1.39641  -6.4e-05
0.861274	 1.57001 -0.78632 -9.8e-05 -2.18114  0.00022  1.39641 -6.3e-05
0.862274	  1.57001 -0.786307  -9.9e-05  -2.18115  0.000218   1.39641  -6.3e-05
0.863274	  1.57002 -0.786294   -0.0001  -2.18116  0.000217    1.3964  -6.2e-05
0.864274	  1.57003 -0.786282 -0.000101  -2.18116  0.000215    1.3964  -6.2e-05
0.865274	  1.57003 -0.786269 -0.000101  -2.18117  0.000213    1.3964  -6.1e-05
0.866274	  1.57004 -0.786256 -0.000102  -2.18118  0.000212    1.3964  -6.1e-05
0.867274	  1.57004 -0.786243 -0.000102  -2.18119   0.00021    1.3964    -6e-05
0.868274	  1.57005 -0.786231 -0.000103  -2.18119  0.000209    1.3964    -6e-05
0.869274	  1.57005 -0.786218 -0.000103   -2.1812  0.000207   1.39639  -5.9e-05
0.870274	  1.57006 -0.786206 -0.000104  -2.18121  0.000205   1.39639  -5.9e-05
0.871274	  1.57007 -0.786194 -0.000104  -2.18121  0.000204   1.39639  -5.8e-05
0.872274	  1.57007 -0.786181 -0.000105  -2.18122  0.000202   1.39639  -5.8e-05
0.873274	  1.57008 -0.786169 -0.000105  -2.18123  0.000201   1.39639  -5.7e-05
0.874274	  1.57008 -0.786157 -0.000105  -2.18123  0.000199   1.39639  -5.7e-05
0.875274	  1.57009 -0.786145 -0.000105  -2.18124  0.000198   1.39638  -5.6e-05
0.876274	   1.5701 -0.786133 -0.000105  -2.18125  0.000196   1.39638  -5.6e-05
0.877274	   1.5701 -0.786122 -0.000106  -2.18125  0.000195   1.39638  -5.5e-05
0.878274	  1.57011  -0.78611 -0.000106  -2.18126  0.000193   1.39638  -5.5e-05
0.879274	  1.57011 -0.786098 -0.000106  -2.18127  0.000192   1.39638  -5.4e-05
0.880274	  1.57012 -0.786087 -0.000106  -2.18127   0.00019   1.39638  -5.4e-05
0.881274	  1.57012 -0.786075 -0.000106  -2.18128  0.000189   1.39638  -5.3e-05
0.882274	  1.57013 -0.786064 -0.000106  -2.18129  0.000187   1.39637  -5.3e-05
0.883274	  1.57014 -0.786052 -0.000105  -2.18129  0.000186   1.39637  -5.2e-05
0.884274	  1.57014 -0.786041 -0.000105   -2.1813  0.000184   1.39637  -5.2e-05
0.885274	  1.57015  -0.78603 -0.000105   -2.1813  0.000183   1.39637  -5.2e-05
0.886274	  1.57015 -0.786019 -0.000105  -2.18131  0.000182   1.39637  -5.1e-05
0.887274	  1.57016 -0.786008 -0.000105  -2.18132   0.00018   1.39637  -5.1e-05
0.888274	  1.57016 -0.785997 -0.000104  -2.18132  0.000179   1.39637    -5e-05
0.889274	  1.57017 -0.785986 -0.000104  -2.18133  0.000177   1.39637    -5e-05
0.890274	  1.57017 -0.785976 -0.000104  -2.18133  0.000176   1.39636  -4.9e-05
0.891274	  1.57018 -0.785965 -0.000103  -2.18134  0.000175   1.39636  -4.9e-05
0.892274	  1.57018 -0.785954 -0.000103  -2.18135  0.000173   1.39636  -4.9e-05
0.893274	  1.57019 -0.785944 -0.000103  -2.18135  0.000172   1.39636  -4.8e-05
0.894274	   1.5702 -0.785934 -0.000102  -2.18136  0.000171   1.39636  -4.8e-05
0.895274	   1.5702 -0.785923 -0.000102  -2.18136  0.000169   1.39636  -4.7e-05
0.896274	  1.57021 -0.785913 -0.000101  -2.18137  0.000168   1.39636  -4.7e-05
0.897274	  1.57021 -0.785903 -0.000101  -2.18138  0.000167   1.39635  -4.7e-05
0.898274	  1.57022 -0.785893   -0.0001  -2.18138  0.000165   1.39635  -4.6e-05
0.899274	  1.57022 -0.785883   -0.0001  -2.18139  0.000164   1.39635  -4.6e-05
0.900274	  1.57023 -0.785873  -9.9e-05  -2.18139  0.000163   1.39635  -4.6e-05
0.901274	  1.57023 -0.785863  -9.9e-05   -2.1814  0.000162   1.39635  -4.5e-05
0.902274	  1.57024 -0.785854  -9.8e-05   -2.1814   0.00016   1.39635  -4.5e-05
0.903274	  1.57024 -0.785844  -9.7e-05  -2.18141  0.000159   1.39635  -4.5e-05
0.904274	  1.57025 -0.785834  -9.7e-05  -2.18141  0.000158   1.39634  -4.4e-05
0.905274	  1.57025 -0.785825  -9.6e-05  -2.18142  0.000157   1.39634  -4.4e-05
0.906274	  1.57026 -0.785816  -9.5e-05  -2.18142  0.000155   1.39634  -4.3e-05
0.907274	  1.57026 -0.785806  -9.5e-05  -2.18143  0.000154   1.39634  -4.3e-05
0.908274	  1.57027 -0.785797  -9.4e-05  -2.18144  0.000153   1.39634  -4.3e-05
0.909274	  1.57027 -0.785788  -9.3e-05  -2.18144  0.000152   1.39634  -4.2e-05
0.910274	  1.57028 -0.785779  -9.2e-05  -2.18145   0.00015   1.39634  -4.2e-05
0.911274	 1.57028 -0.78577 -9.2e-05 -2.18145 0.000149  1.39634 -4.2e-05
0.912274	  1.57029 -0.785761  -9.1e-05  -2.18146  0.000148   1.39634  -4.1e-05
0.913274	  1.57029 -0.785752    -9e-05  -2.18146  0.000147   1.39634  -4.1e-05
0.914274	   1.5703 -0.785744  -8.9e-05  -2.18147  0.000146   1.39633  -4.1e-05
0.915274	   1.5703 -0.785735  -8.9e-05  -2.18147  0.000145   1.39633  -4.1e-05
0.916274	  1.57031 -0.785727  -8.8e-05  -2.18147  0.000143   1.39633    -4e-05
0.917274	  1.57031 -0.785718  -8.7e-05  -2.18148  0.000142   1.39633    -4e-05
0.918274	 1.57031 -0.78571 -8.6e-05 -2.18148 0.000141  1.39633   -4e-05
0.919274	  1.57032 -0.785702  -8.5e-05  -2.18149   0.00014   1.39633  -3.9e-05
0.920274	  1.57032 -0.785693  -8.4e-05  -2.18149  0.000139   1.39633  -3.9e-05
0.921274	  1.57033 -0.785685  -8.3e-05   -2.1815  0.000138   1.39633  -3.9e-05
0.922274	  1.57033 -0.785677  -8.3e-05   -2.1815  0.000137   1.39633  -3.8e-05
0.923274	  1.57034 -0.785669  -8.2e-05  -2.18151  0.000136   1.39632  -3.8e-05
0.924274	  1.57034 -0.785661  -8.1e-05  -2.18151  0.000135   1.39632  -3.8e-05
0.925274	  1.57035 -0.785654    -8e-05  -2.18152  0.000133   1.39632  -3.8e-05
0.926274	  1.57035 -0.785646  -7.9e-05  -2.18152  0.000132   1.39632  -3.7e-05
0.927274	  1.57036 -0.785638  -7.8e-05  -2.18152  0.000131   1.39632  -3.7e-05
0.928274	  1.57036 -0.785631  -7.7e-05  -2.18153   0.00013   1.39632  -3.7e-05
0.929274	  1.57037 -0.785623  -7.6e-05  -2.18153  0.000129   1.39632  -3.7e-05
0.930274	  1.57037 -0.785616  -7.5e-05  -2.18154  0.000128   1.39632  -3.6e-05
0.931274	  1.57037 -0.785609  -7.4e-05  -2.18154  0.000127   1.39632  -3.6e-05
0.932274	  1.57038 -0.785601  -7.3e-05  -2.18154  0.000126   1.39631  -3.6e-05
0.933274	  1.57038 -0.785594  -7.2e-05  -2.18155  0.000125   1.39631  -3.5e-05
0.934274	  1.57039 -0.785587  -7.1e-05  -2.18155  0.000124   1.39631  -3.5e-05
0.935274	 1.57039 -0.78558   -7e-05 -2.18156 0.000123  1.39631 -3.5e-05
0.936274	  1.57039 -0.785573  -6.9e-05  -2.18156  0.000122   1.39631  -3.5e-05
0.937274	   1.5704 -0.785567  -6.9e-05  -2.18156  0.000121   1.39631  -3.4e-05
0.938274	  1.5704 -0.78556 -6.8e-05 -2.18157  0.00012  1.39631 -3.4e-05
0.939274	  1.57041 -0.785553  -6.7e-05  -2.18157  0.000119   1.39631  -3.4e-05
0.940274	  1.57041 -0.785547  -6.6e-05  -2.18158  0.000118   1.39631  -3.4e-05
0.941274	 1.57041 -0.78554 -6.5e-05 -2.18158 0.000117  1.39631 -3.3e-05
0.942274	  1.57042 -0.785534  -6.4e-05  -2.18158  0.000116   1.39631  -3.3e-05
0.943274	  1.57042 -0.785527  -6.3e-05  -2.18159  0.000115    1.3963  -3.3e-05
0.944274	  1.57043 -0.785521  -6.2e-05  -2.18159  0.000114    1.3963  -3.3e-05
0.945274	  1.57043 -0.785515  -6.1e-05  -2.18159  0.000113    1.3963  -3.3e-05
0.946274	  1.57044 -0.785509    -6e-05   -2.1816  0.000113    1.3963  -3.2e-05
0.947274	  1.57044 -0.785503  -5.9e-05   -2.1816  0.000112    1.3963  -3.2e-05
0.948274	  1.57044 -0.785497  -5.8e-05   -2.1816  0.000111    1.3963  -3.2e-05
0.949274	  1.57045 -0.785491  -5.7e-05  -2.18161   0.00011    1.3963  -3.2e-05
0.950274	  1.57045 -0.785485  -5.6e-05  -2.18161  0.000109    1.3963  -3.1e-05
0.951274	  1.57045 -0.785479  -5.5e-05  -2.18161  0.000108    1.3963  -3.1e-05
0.952274	  1.57046 -0.785473  -5.4e-05  -2.18162  0.000107    1.3963  -3.1e-05
0.953274	  1.57046 -0.785468  -5.3e-05  -2.18162  0.000106    1.3963  -3.1e-05
0.954274	  1.57047 -0.785462  -5.2e-05  -2.18162  0.000105    1.3963  -3.1e-05
0.955274	  1.57047 -0.785457  -5.1e-05  -2.18162  0.000105    1.3963    -3e-05
0.956274	  1.57047 -0.785451    -5e-05  -2.18163  0.000104    1.3963    -3e-05
0.957274	  1.57048 -0.785446  -4.9e-05  -2.18163  0.000103    1.3963    -3e-05
0.958274	  1.57048 -0.785441  -4.8e-05  -2.18163  0.000102   1.39629    -3e-05
0.959274	  1.57048 -0.785436  -4.7e-05  -2.18164  0.000101   1.39629    -3e-05
0.960274	 1.57049 -0.78543 -4.6e-05 -2.18164   0.0001  1.39629 -2.9e-05
0.961274	  1.57049 -0.785425  -4.5e-05  -2.18164    0.0001   1.39629  -2.9e-05
0.962274	 1.57049 -0.78542 -4.4e-05 -2.18165  9.9e-05  1.39629 -2.9e-05
0.963274	   1.5705 -0.785416  -4.3e-05  -2.18165   9.8e-05   1.39629  -2.9e-05
0.964274	   1.5705 -0.785411  -4.2e-05  -2.18165   9.7e-05   1.39629  -2.9e-05
0.965274	   1.5705 -0.785406  -4.1e-05  -2.18165   9.6e-05   1.39629  -2.8e-05
0.966274	  1.57051 -0.785401    -4e-05  -2.18166   9.5e-05   1.39629  -2.8e-05
0.967274	  1.57051 -0.785397  -3.9e-05  -2.18166   9.5e-05   1.39629  -2.8e-05
0.968274	  1.57051 -0.785392  -3.8e-05  -2.18166   9.4e-05   1.39629  -2.8e-05
0.969274	  1.57052 -0.785387  -3.7e-05  -2.18166   9.3e-05   1.39629  -2.8e-05
0.970274	  1.57052 -0.785383  -3.6e-05  -2.18167   9.2e-05   1.39629  -2.7e-05
0.971274	  1.57052 -0.785379  -3.5e-05  -2.18167   9.2e-05   1.39628  -2.7e-05
0.972274	  1.57053 -0.785374  -3.4e-05  -2.18167   9.1e-05   1.39628  -2.7e-05
0.973274	 1.57053 -0.78537 -3.4e-05 -2.18167    9e-05  1.39628 -2.7e-05
0.974274	  1.57053 -0.785366  -3.3e-05  -2.18168   8.9e-05   1.39628  -2.7e-05
0.975274	  1.57054 -0.785362  -3.2e-05  -2.18168   8.9e-05   1.39628  -2.6e-05
0.976274	  1.57054 -0.785358  -3.1e-05  -2.18168   8.8e-05   1.39628  -2.6e-05
0.977274	  1.57054 -0.785354    -3e-05  -2.18168   8.7e-05   1.39628  -2.6e-05
0.978274	 1.57055 -0.78535 -2.9e-05 -2.18168  8.6e-05  1.39628 -2.6e-05
0.979274	  1.57055 -0.785346  -2.8e-05  -2.18169   8.6e-05   1.39628  -2.6e-05
0.980274	  1.57055 -0.785342  -2.7e-05  -2.18169   8.5e-05   1.39628  -2.6e-05
0.981274	  1.57055 -0.785338  -2.6e-05  -2.18169   8.4e-05   1.39628  -2.5e-05
0.982547	  1.57056 -0.785335  -2.5e-05  -2.18169   8.4e-05   1.39628  -2.5e-05
0.983547	  1.57056 -0.785331  -2.5e-05   -2.1817   8.3e-05   1.39628  -2.5e-05
0.984547	  1.57056 -0.785328  -2.4e-05   -2.1817   8.2e-05   1.39628  -2.5e-05
0.985547	  1.57057 -0.785324  -2.3e-05   -2.1817   8.2e-05   1.39628  -2.5e-05
0.986547	  1.57057 -0.785321  -2.2e-05   -2.1817   8.1e-05   1.39628  -2.5e-05
0.987547	  1.57057 -0.785317  -2.1e-05   -2.1817     8e-05   1.39628  -2.4e-05
0.988547	  1.57058 -0.785314    -2e-05  -2.18171   7.9e-05   1.39628  -2.4e-05
0.989547	  1.57058 -0.785311    -2e-05  -2.18171   7.9e-05   1.39628  -2.4e-05
0.990547	  1.57058 -0.785307  -1.9e-05  -2.18171   7.8e-05   1.39627  -2.4e-05
0.991547	  1.57058 -0.785304  -1.8e-05  -2.18171   7.8e-05   1.39627  -2.4e-05
0.992547	  1.57059 -0.785301  -1.7e-05  -2.18171   7.7e-05   1.39627  -2.4e-05
0.993547	  1.57059 -0.785298  -1.6e-05  -2.18171   7.6e-05   1.39627  -2.4e-05
0.994547	  1.57059 -0.785295  -1.5e-05  -2.18172   7.6e-05   1.39627  -2.3e-05
0.995547	  1.57059 -0.785292  -1.5e-05  -2.18172   7.5e-05   1.39627  -2.3e-05
0.996547	   1.5706 -0.785289  -1.4e-05  -2.18172   7.4e-05   1.39627  -2.3e-05
0.997547	   1.5706 -0.785287  -1.3e-05  -2.18172   7.4e-05   1.39627  -2.3e-05
0.998547	   1.5706 -0.785284  -1.2e-05  -2.18172   7.3e-05   1.39627  -2.3e-05
0.999547	   1.5706 -0.785281  -1.2e-05  -2.18172   7.2e-05   1.39627  -2.3e-05
1.00055	  1.57061 -0.785278  -1.1e-05  -2.18173   7.2e-05   1.39627  -2.2e-05
1.00155	  1.57061 -0.785276    -1e-05  -2.18173   7.1e-05   1.39627  -2.2e-05
1.00255	  1.57061 -0.785273    -9e-06  -2.18173   7.1e-05   1.39627  -2.2e-05
1.00355	  1.57061 -0.785271    -9e-06  -2.18173     7e-05   1.39627  -2.2e-05
1.00455	  1.57062 -0.785268    -8e-06  -2.18173   6.9e-05   1.39627  -2.2e-05
1.00555	  1.57062 -0.785266    -7e-06  -2.18173   6.9e-05   1.39627  -2.2e-05
1.00655	  1.57062 -0.785263    -6e-06  -2.18173   6.8e-05   1.39627  -2.2e-05
1.00755	  1.57062 -0.785261    -6e-06  -2.18174   6.8e-05   1.39627  -2.1e-05
1.00855	  1.57063 -0.785259    -5e-06  -2.18174   6.7e-05   1.39627  -2.1e-05
1.00955	  1.57063 -0.785257    -4e-06  -2.18174   6.7e-05   1.39627  -2.1e-05
1.01055	  1.57063 -0.785255    -4e-06  -2.18174   6.6e-05   1.39627  -2.1e-05
1.01155	  1.57063 -0.785252    -3e-06  -2.18174   6.5e-05   1.39627  -2.1e-05
1.01255	 1.57064 -0.78525   -2e-06 -2.18174  6.5e-05  1.39627 -2.1e-05
1.01355	  1.57064 -0.785248    -2e-06  -2.18174   6.4e-05   1.39627  -2.1e-05
1.01455	  1.57064 -0.785246    -1e-06  -2.18174   6.4e-05   1.39627  -2.1e-05
1.01555	  1.57064 -0.785244        -0  -2.18174   6.3e-05   1.39627    -2e-05
1.01655	  1.57064 -0.785243         0  -2.18174   6.3e-05   1.39627    -2e-05
1.01755	  1.57065 -0.785241     1e-06  -2.18175   6.2e-05   1.39627    -2e-05
1.01855	  1.57065 -0.785239     2e-06  -2.18175   6.2e-05   1.39627    -2e-05
1.01955	  1.57065 -0.785237     2e-06  -2.18175   6.1e-05   1.39627    -2e-05
1.02055	  1.57065 -0.785236     3e-06  -2.18175   6.1e-05   1.39626    -2e-05
1.02155	  1.57065 -0.785234     3e-06  -2.18175     6e-05   1.39626    -2e-05
1.02255	  1.57065 -0.785232     4e-06  -2.18175     6e-05   1.39626    -2e-05
1.02355	  1.57066 -0.785231     5e-06  -2.18175   5.9e-05   1.39626  -1.9e-05
1.02455	  1.57066 -0.785229     5e-06  -2.18175   5.9e-05   1.39626  -1.9e-05
1.02555	  1.57066 -0.785228     6e-06  -2.18175   5.8e-05   1.39626  -1.9e-05
1.02655	  1.57066 -0.785226     6e-06  -2.18175   5.8e-05   1.39626  -1.9e-05
1.02755	  1.57066 -0.785225     7e-06  -2.18176   5.7e-05   1.39626  -1.9e-05
1.02855	  1.57067 -0.785224     7e-06  -2.18176   5.7e-05   1.39626  -1.9e-05
1.02955	  1.57067 -0.785222     8e-06  -2.18176   5.6e-05   1.39626  -1.9e-05
1.03055	  1.57067 -0.785221     8e-06  -2.18176   5.6e-05   1.39626  -1.9e-05
1.03155	 1.57067 -0.78522    9e-06 -2.18176  5.5e-05  1.39626 -1.8e-05
1.03255	  1.57067 -0.785218     9e-06  -2.18176   5.5e-05   1.39626  -1.8e-05
1.03355	  1.57068 -0.785217     1e-05  -2.18176   5.4e-05   1.39626  -1.8e-05
1.03455	  1.57068 -0.785216   1.1e-05  -2.18176   5.4e-05   1.39626  -1.8e-05
1.03555	  1.57068 -0.785215   1.1e-05  -2.18176   5.3e-05   1.39626  -1.8e-05
1.03655	  1.57068 -0.785214   1.2e-05  -2.18176   5.3e-05   1.39626  -1.8e-05
1.03755	  1.57068 -0.785213   1.2e-05  -2.18176   5.2e-05   1.39626  -1.8e-05
1.03855	  1.57069 -0.785212   1.2e-05  -2.18176   5.2e-05   1.39626  -1.8e-05
1.03955	  1.57069 -0.785211   1.3e-05  -2.18176   5.2e-05   1.39626  -1.8e-05
1.04055	 1.57069 -0.78521  1.3e-05 -2.18176  5.1e-05  1.39626 -1.7e-05
1.04155	  1.57069 -0.785209   1.4e-05  -2.18176   5.1e-05   1.39626  -1.7e-05
1.04255	  1.57069 -0.785209   1.4e-05  -2.18176     5e-05   1.39626  -1.7e-05
1.04355	  1.57069 -0.785208   1.5e-05  -2.18176     5e-05   1.39626  -1.7e-05
1.04455	  1.57069 -0.785207   1.5e-05  -2.18177   4.9e-05   1.39626  -1.7e-05
1.04555	   1.5707 -0.785206   1.6e-05  -2.18177   4.9e-05   1.39626  -1.7e-05
1.04655	   1.5707 -0.785206   1.6e-05  -2.18177   4.9e-05   1.39626  -1.7e-05
1.04755	   1.5707 -0.785205   1.6e-05  -2.18177   4.8e-05   1.39626  -1.7e-05
1.04855	   1.5707 -0.785204   1.7e-05  -2.18177   4.8e-05   1.39626  -1.7e-05
1.04955	   1.5707 -0.785204   1.7e-05  -2.18177   4.7e-05   1.39626  -1.6e-05
1.05055	   1.5707 -0.785203   1.8e-05  -2.18177   4.7e-05   1.39626  -1.6e-05
1.05155	  1.57071 -0.785203   1.8e-05  -2.18177   4.7e-05   1.39626  -1.6e-05
1.05255	  1.57071 -0.785202   1.8e-05  -2.18177   4.6e-05   1.39626  -1.6e-05
1.05355	  1.57071 -0.785202   1.9e-05  -2.18177   4.6e-05   1.39626  -1.6e-05
1.05455	  1.57071 -0.785201   1.9e-05  -2.18177   4.5e-05   1.39626  -1.6e-05
1.05555	  1.57071 -0.785201     2e-05  -2.18177   4.5e-05   1.39626  -1.6e-05
1.05655	 1.57071  -0.7852    2e-05 -2.18177  4.5e-05  1.39626 -1.6e-05
1.05755	 1.57071  -0.7852    2e-05 -2.18177  4.4e-05  1.39626 -1.6e-05
1.05855	 1.57071  -0.7852  2.1e-05 -2.18177  4.4e-05  1.39626 -1.6e-05
1.05955	  1.57072 -0.785199   2.1e-05  -2.18177   4.3e-05   1.39626  -1.5e-05
1.06055	  1.57072 -0.785199   2.1e-05  -2.18177   4.3e-05   1.39626  -1.5e-05
1.06155	  1.57072 -0.785199   2.2e-05  -2.18177   4.3e-05   1.39626  -1.5e-05
1.06255	  1.57072 -0.785199   2.2e-05  -2.18177   4.2e-05   1.39626  -1.5e-05
1.06355	  1.57072 -0.785198   2.2e-05  -2.18177   4.2e-05   1.39626  -1.5e-05
1.06455	  1.57072 -0.785198   2.2e-05  -2.18177   4.2e-05   1.39626  -1.5e-05
1.06555	  1.57072 -0.785198   2.3e-05  -2.18177   4.1e-05   1.39626  -1.5e-05
1.06655	  1.57072 -0.785198   2.3e-05  -2.18177   4.1e-05   1.39626  -1.5e-05
1.06755	  1.57072 -0.785198   2.3e-05  -2.18177   4.1e-05   1.39626  -1.5e-05
1.06855	  1.57073 -0.785198   2.4e-05  -2.18177     4e-05   1.39626  -1.5e-05
1.06955	  1.57073 -0.785198   2.4e-05  -2.18177     4e-05   1.39626  -1.4e-05
1.07055	  1.57073 -0.785198   2.4e-05  -2.18177   3.9e-05   1.39626  -1.4e-05
1.07155	  1.57073 -0.785198   2.4e-05  -2.18177   3.9e-05   1.39626  -1.4e-05
1.07255	  1.57073 -0.785198   2.5e-05  -2.18177   3.9e-05   1.39626  -1.4e-05
1.07355	  1.57073 -0.785198   2.5e-05  -2.18177   3.8e-05   1.39626  -1.4e-05
1.07455	  1.57073 -0.785198   2.5e-05  -2.18177   3.8e-05   1.39626  -1.4e-05
1.07555	  1.57073 -0.785198   2.5e-05  -2.18177   3.8e-05   1.39626  -1.4e-05
1.07655	  1.57074 -0.785198   2.6e-05  -2.18177   3.8e-05   1.39626  -1.4e-05
1.07755	  1.57074 -0.785198   2.6e-05  -2.18177   3.7e-05   1.39626  -1.4e-05
1.07855	  1.57074 -0.785198   2.6e-05  -2.18177   3.7e-05   1.39626  -1.4e-05
1.07955	  1.57074 -0.785199   2.6e-05  -2.18177   3.7e-05   1.39626  -1.4e-05
1.08055	  1.57074 -0.785199   2.6e-05  -2.18177   3.6e-05   1.39626  -1.3e-05
1.08155	  1.57074 -0.785199   2.7e-05  -2.18177   3.6e-05   1.39626  -1.3e-05
1.08255	  1.57074 -0.785199   2.7e-05  -2.18177   3.6e-05   1.39626  -1.3e-05
1.08355	 1.57074  -0.7852  2.7e-05 -2.18177  3.5e-05  1.39626 -1.3e-05
1.08455	 1.57074  -0.7852  2.7e-05 -2.18177  3.5e-05  1.39626 -1.3e-05
1.08555	 1.57074  -0.7852  2.7e-05 -2.18177  3.5e-05  1.39625 -1.3e-05
1.08655	  1.57075 -0.785201   2.8e-05  -2.18177   3.4e-05   1.39625  -1.3e-05
1.08755	  1.57075 -0.785201   2.8e-05  -2.18177   3.4e-05   1.39625  -1.3e-05
1.08855	  1.57075 -0.785201   2.8e-05  -2.18177   3.4e-05   1.39625  -1.3e-05
1.08955	  1.57075 -0.785202   2.8e-05  -2.18177   3.4e-05   1.39625  -1.3e-05
1.09055	  1.57075 -0.785202   2.8e-05  -2.18177   3.3e-05   1.39625  -1.3e-05
1.09155	  1.57075 -0.785202   2.8e-05  -2.18177   3.3e-05   1.39625  -1.3e-05
1.09255	  1.57075 -0.785203   2.8e-05  -2.18177   3.3e-05   1.39625  -1.2e-05
1.09355	  1.57075 -0.785203   2.9e-05  -2.18177   3.2e-05   1.39625  -1.2e-05
1.09455	  1.57075 -0.785204   2.9e-05  -2.18177   3.2e-05   1.39625  -1.2e-05
1.09555	  1.57075 -0.785204   2.9e-05  -2.18177   3.2e-05   1.39625  -1.2e-05
1.09655	  1.57075 -0.785205   2.9e-05  -2.18177   3.2e-05   1.39625  -1.2e-05
1.09755	  1.57075 -0.785205   2.9e-05  -2.18177   3.1e-05   1.39625  -1.2e-05
1.09855	  1.57076 -0.785206   2.9e-05  -2.18177   3.1e-05   1.39625  -1.2e-05
1.09955	  1.57076 -0.785206   2.9e-05  -2.18177   3.1e-05   1.39625  -1.2e-05
1.10055	  1.57076 -0.785207   2.9e-05  -2.18177     3e-05   1.39625  -1.2e-05
1.10155	  1.57076 -0.785208     3e-05  -2.18177     3e-05   1.39625  -1.2e-05
1.10255	  1.57076 -0.785208     3e-05  -2.18177     3e-05   1.39625  -1.2e-05
1.10355	  1.57076 -0.785209     3e-05  -2.18176     3e-05   1.39625  -1.2e-05
1.10455	  1.57076 -0.785209     3e-05  -2.18176   2.9e-05   1.39625  -1.2e-05
1.10555	 1.57076 -0.78521    3e-05 -2.18176  2.9e-05  1.39625 -1.1e-05
1.10655	  1.57076 -0.785211     3e-05  -2.18176   2.9e-05   1.39625  -1.1e-05
1.10755	  1.57076 -0.785211     3e-05  -2.18176   2.9e-05   1.39625  -1.1e-05
1.10855	  1.57076 -0.785212     3e-05  -2.18176   2.8e-05   1.39625  -1.1e-05
1.10955	  1.57076 -0.785213     3e-05  -2.18176   2.8e-05   1.39625  -1.1e-05
1.11055	  1.57076 -0.785213     3e-05  -2.18176   2.8e-05   1.39625  -1.1e-05
1.11155	  1.57076 -0.785214     3e-05  -2.18176   2.8e-05   1.39625  -1.1e-05
1.11255	  1.57076 -0.785215     3e-05  -2.18176   2.7e-05   1.39625  -1.1e-05
1.11355	  1.57077 -0.785216     3e-05  -2.18176   2.7e-05   1.39625  -1.1e-05
1.11455	  1.57077 -0.785216     3e-05  -2.18176   2.7e-05   1.39625  -1.1e-05
1.11555	  1.57077 -0.785217   3.1e-05  -2.18176   2.7e-05   1.39625  -1.1e-05
1.11655	  1.57077 -0.785218   3.1e-05  -2.18176   2.7e-05   1.39625  -1.1e-05
1.11755	  1.57077 -0.785219   3.1e-05  -2.18176   2.6e-05   1.39625  -1.1e-05
1.11855	  1.57077 -0.785219   3.1e-05  -2.18176   2.6e-05   1.39625    -1e-05
1.11955	 1.57077 -0.78522  3.1e-05 -2.18176  2.6e-05  1.39625   -1e-05
1.12055	  1.57077 -0.785221   3.1e-05  -2.18176   2.6e-05   1.39625    -1e-05
1.12155	  1.57077 -0.785222   3.1e-05  -2.18176   2.5e-05   1.39625    -1e-05
1.12255	  1.57077 -0.785223   3.1e-05  -2.18176   2.5e-05   1.39625    -1e-05
1.12355	  1.57077 -0.785223   3.1e-05  -2.18176   2.5e-05   1.39625    -1e-05
1.12455	  1.57077 -0.785224   3.1e-05  -2.18176   2.5e-05   1.39625    -1e-05
1.12555	  1.57077 -0.785225   3.1e-05  -2.18176   2.5e-05   1.39625    -1e-05
1.12655	  1.57077 -0.785226   3.1e-05  -2.18176   2.4e-05   1.39625    -1e-05
1.12755	  1.57077 -0.785227   3.1e-05  -2.18176   2.4e-05   1.39625    -1e-05
1.12855	  1.57077 -0.785228   3.1e-05  -2.18175   2.4e-05   1.39625    -1e-05
1.12955	  1.57078 -0.785229   3.1e-05  -2.18175   2.4e-05   1.39625    -1e-05
1.13055	 1.57078 -0.78523  3.1e-05 -2.18175  2.4e-05  1.39625   -1e-05
1.13155	 1.57078 -0.78523  3.1e-05 -2.18175  2.3e-05  1.39625   -1e-05
1.13255	  1.57078 -0.785231   3.1e-05  -2.18175   2.3e-05   1.39625    -1e-05
1.13355	  1.57078 -0.785232   3.1e-05  -2.18175   2.3e-05   1.39625    -9e-06
1.13455	  1.57078 -0.785233   3.1e-05  -2.18175   2.3e-05   1.39625    -9e-06
1.13555	  1.57078 -0.785234   3.1e-05  -2.18175   2.3e-05   1.39625    -9e-06
1.13655	  1.57078 -0.785235   3.1e-05  -2.18175   2.2e-05   1.39625    -9e-06
1.13755	  1.57078 -0.785236   3.1e-05  -2.18175   2.2e-05   1.39626    -9e-06
1.13855	  1.57078 -0.785237   3.1e-05  -2.18175   2.2e-05   1.39626    -9e-06
1.13955	  1.57078 -0.785238     3e-05  -2.18175   2.2e-05   1.39626    -9e-06
1.14055	  1.57078 -0.785239     3e-05  -2.18175   2.2e-05   1.39626    -9e-06
1.14155	 1.57078 -0.78524    3e-05 -2.18175  2.1e-05  1.39626   -9e-06
1.14255	  1.57078 -0.785241     3e-05  -2.18175   2.1e-05   1.39626    -9e-06
1.14355	  1.57078 -0.785242     3e-05  -2.18175   2.1e-05   1.39626    -9e-06
1.14455	  1.57078 -0.785243     3e-05  -2.18175   2.1e-05   1.39626    -9e-06
1.14555	  1.57078 -0.785244     3e-05  -2.18175   2.1e-05   1.39626    -9e-06
1.14655	  1.57078 -0.785245     3e-05  -2.18175     2e-05   1.39626    -9e-06
1.14755	  1.57078 -0.785246     3e-05  -2.18174     2e-05   1.39626    -9e-06
1.14855	  1.57078 -0.785247     3e-05  -2.18174     2e-05   1.39626    -9e-06
1.14955	  1.57078 -0.785248     3e-05  -2.18174     2e-05   1.39626    -8e-06
1.15055	  1.57078 -0.785249     3e-05  -2.18174     2e-05   1.39626    -8e-06
1.15155	 1.57078 -0.78525    3e-05 -2.18174    2e-05  1.39626   -8e-06
1.15255	  1.57078 -0.785251     3e-05  -2.18174   1.9e-05   1.39626    -8e-06
1.15355	  1.57079 -0.785252     3e-05  -2.18174   1.9e-05   1.39626    -8e-06
1.15455	  1.57079 -0.785253     3e-05  -2.18174   1.9e-05   1.39626    -8e-06
1.15555	  1.57079 -0.785254     3e-05  -2.18174   1.9e-05   1.39626    -8e-06
1.15655	  1.57079 -0.785255     3e-05  -2.18174   1.9e-05   1.39626    -8e-06
1.15755	  1.57079 -0.785256   2.9e-05  -2.18174   1.9e-05   1.39626    -8e-06
1.15855	  1.57079 -0.785257   2.9e-05  -2.18174   1.8e-05   1.39626    -8e-06
1.15955	  1.57079 -0.785258   2.9e-05  -2.18174   1.8e-05   1.39626    -8e-06
1.16055	  1.57079 -0.785259   2.9e-05  -2.18174   1.8e-05   1.39626    -8e-06
1.16155	 1.57079 -0.78526  2.9e-05 -2.18174  1.8e-05  1.39626   -8e-06
1.16255	  1.57079 -0.785261   2.9e-05  -2.18174   1.8e-05   1.39626    -8e-06
1.16355	  1.57079 -0.785262   2.9e-05  -2.18174   1.8e-05   1.39626    -8e-06
1.16455	  1.57079 -0.785263   2.9e-05  -2.18174   1.8e-05   1.39626    -8e-06
1.16555	  1.57079 -0.785264   2.9e-05  -2.18174   1.7e-05   1.39626    -8e-06
1.16655	  1.57079 -0.785265   2.9e-05  -2.18174   1.7e-05   1.39626    -8e-06
1.16755	  1.57079 -0.785266   2.9e-05  -2.18173   1.7e-05   1.39626    -7e-06
1.16855	  1.57079 -0.785267   2.8e-05  -2.18173   1.7e-05   1.39626    -7e-06
1.16955	  1.57079 -0.785268   2.8e-05  -2.18173   1.7e-05   1.39626    -7e-06
1.17055	  1.57079 -0.785269   2.8e-05  -2.18173   1.7e-05   1.39626    -7e-06
1.17155	 1.57079 -0.78527  2.8e-05 -2.18173  1.7e-05  1.39626   -7e-06
1.17255	  1.57079 -0.785271   2.8e-05  -2.18173   1.6e-05   1.39626    -7e-06
1.17355	  1.57079 -0.785272   2.8e-05  -2.18173   1.6e-05   1.39626    -7e-06
1.17455	  1.57079 -0.785273   2.8e-05  -2.18173   1.6e-05   1.39626    -7e-06
1.17555	  1.57079 -0.785274   2.8e-05  -2.18173   1.6e-05   1.39626    -7e-06
1.17655	  1.57079 -0.785275   2.8e-05  -2.18173   1.6e-05   1.39626    -7e-06
1.17755	  1.57079 -0.785276   2.8e-05  -2.18173   1.6e-05   1.39626    -7e-06
1.17855	  1.57079 -0.785277   2.7e-05  -2.18173   1.6e-05   1.39626    -7e-06
1.17955	  1.57079 -0.785278   2.7e-05  -2.18173   1.5e-05   1.39626    -7e-06
1.18055	  1.57079 -0.785279   2.7e-05  -2.18173   1.5e-05   1.39626    -7e-06
1.18155	 1.57079 -0.78528  2.7e-05 -2.18173  1.5e-05  1.39626   -7e-06
1.18255	  1.57079 -0.785281   2.7e-05  -2.18173   1.5e-05   1.39626    -7e-06
1.18355	  1.57079 -0.785282   2.7e-05  -2.18173   1.5e-05   1.39626    -7e-06
1.18455	  1.57079 -0.785284   2.7e-05  -2.18173   1.5e-05   1.39626    -7e-06
1.18555	  1.57079 -0.785285   2.7e-05  -2.18172   1.5e-05   1.39626    -7e-06
1.18655	  1.57079 -0.785286   2.6e-05  -2.18172   1.5e-05   1.39626    -6e-06
1.18755	  1.57079 -0.785287   2.6e-05  -2.18172   1.4e-05   1.39626    -6e-06
1.18855	  1.57079 -0.785288   2.6e-05  -2.18172   1.4e-05   1.39626    -6e-06
1.18955	  1.57079 -0.785289   2.6e-05  -2.18172   1.4e-05   1.39626    -6e-06
1.19055	 1.57079 -0.78529  2.6e-05 -2.18172  1.4e-05  1.39626   -6e-06
1.19155	  1.57079 -0.785291   2.6e-05  -2.18172   1.4e-05   1.39626    -6e-06
1.19255	  1.57079 -0.785292   2.6e-05  -2.18172   1.4e-05   1.39626    -6e-06
1.19355	  1.57079 -0.785293   2.6e-05  -2.18172   1.4e-05   1.39626    -6e-06
1.19455	  1.57079 -0.785294   2.6e-05  -2.18172   1.4e-05   1.39626    -6e-06
1.19555	  1.57079 -0.785295   2.5e-05  -2.18172   1.3e-05   1.39626    -6e-06
1.19655	  1.57079 -0.785296   2.5e-05  -2.18172   1.3e-05   1.39626    -6e-06
1.19755	  1.57079 -0.785297   2.5e-05  -2.18172   1.3e-05   1.39626    -6e-06
1.19855	  1.57079 -0.785298   2.5e-05  -2.18172   1.3e-05   1.39626    -6e-06
1.19955	  1.57079 -0.785299   2.5e-05  -2.18172   1.3e-05   1.39626    -6e-06
1.20055	 1.57079  -0.7853  2.5e-05 -2.18172  1.3e-05  1.39626   -6e-06
1.20155	  1.57079 -0.785301   2.5e-05  -2.18172   1.3e-05   1.39626    -6e-06
