0.00138517	-0.0196925  -0.303039  -0.445452	0.6 0.3 0.5	 0.0225252   0.972989 -0.0704376
0.00238517	-0.0196925  -0.303039  -0.445452	0.6 0.3 0.5	 0.0225252   0.972989 -0.0704376
0.00338517	-0.0196925  -0.303039  -0.445452	0.6 0.3 0.5	 0.0225252   0.972989 -0.0704376
0.00438517	-0.0196925  -0.303039  -0.445452	0.6 0.3 0.5	 0.0225252   0.972989 -0.0704376
0.00538517	-0.0196925  -0.303039  -0.445452	0.6 0.3 0.5	 0.0225252   0.972989 -0.0704376
0.00638517	-0.0196925  -0.303039  -0.445452	0.6 0.3 0.5	 0.0225252   0.972989 -0.0704376
0.00738517	-0.0196925  -0.303039  -0.445452	0.6 0.3 0.5	 0.0225252   0.972989 -0.0704376
0.00838517	-0.0196925  -0.303039  -0.445452	0.6 0.3 0.5	 0.0225252   0.972989 -0.0704376
0.00976296	-0.0196925  -0.303039  -0.445452	0.6 0.3 0.5	 0.0225252   0.972989 -0.0704376
0.010763	-0.0196925  -0.303039  -0.445452	0.6 0.3 0.5	 0.0225252   0.972989 -0.0704376
0.011763	-0.0196925  -0.303039  -0.445452	0.6 0.3 0.5	 0.0225252   0.972989 -0.0704376
0.012763	-0.0196925  -0.303039  -0.445452	0.6 0.3 0.5	 0.0225252   0.972989 -0.0704376
0.013763	-0.0196925  -0.303039  -0.445452	0.6 0.3 0.5	 0.0225252   0.972989 -0.0704376
0.014763	-0.0196925  -0.303039  -0.445452	0.6 0.3 0.5	 0.0225252   0.972989 -0.0704376
0.015763	-0.0196925  -0.303039  -0.445452	0.6 0.3 0.5	 0.0225252   0.972989 -0.0704376
0.016763	-0.0196925  -0.303039  -0.445452	0.6 0.3 0.5	 0.0225252   0.972989 -0.0704376
0.017763	-0.0196925  -0.303039  -0.445452	0.6 0.3 0.5	 0.0225252   0.972989 -0.0704376
0.018763	-0.0196925  -0.303039  -0.445452	0.6 0.3 0.5	 0.0225252   0.972989 -0.0704376
0.019763	-0.0196925  -0.303039  -0.445452	0.6 0.3 0.5	 0.0225252   0.972989 -0.0704376
0.020763	-0.0196925  -0.303039  -0.445452	0.6 0.3 0.5	 0.0225252   0.972989 -0.0704376
0.021763	-0.0196925  -0.303039  -0.445452	0.6 0.3 0.5	 0.0225252   0.972989 -0.0704376
0.022763	-0.0196925  -0.303039  -0.445452	0.6 0.3 0.5	 0.0225252   0.972989 -0.0704376
0.023763	-0.0196925  -0.303039  -0.445452	0.6 0.3 0.5	 0.0225252   0.972989 -0.0704376
0.024763	-0.0196925  -0.303039  -0.445452	0.6 0.3 0.5	 0.0225252   0.972989 -0.0704376
0.025763	-0.0196925  -0.303039  -0.445452	0.6 0.3 0.5	 0.0225252   0.972989 -0.0704376
0.026763	-0.0196925  -0.303039  -0.445452	0.6 0.3 0.5	 0.0225252   0.972989 -0.0704376
0.027763	-0.0196925  -0.303039  -0.445452	0.6 0.3 0.5	 0.0225252   0.972989 -0.0704376
0.028763	-0.0196925  -0.303039  -0.445452	0.6 0.3 0.5	 0.0225252   0.972989 -0.0704376
0.029763	-0.0196925  -0.303039  -0.445452	0.6 0.3 0.5	 0.0225252   0.972989 -0.0704376
0.030763	-0.0196925  -0.303039  -0.445452	0.6 0.3 0.5	 0.0225252   0.972989 -0.0704376
0.031763	-0.0196925  -0.303039  -0.445452	0.6 0.3 0.5	 0.0225252   0.972989 -0.0704376
0.032763	-0.0196925  -0.303039  -0.445452	0.6 0.3 0.5	 0.0225252   0.972989 -0.0704376
0.033763	-0.0196925  -0.303039  -0.445452	0.6 0.3 0.5	 0.0225252   0.972989 -0.0704376
0.034763	-0.0196925  -0.303039  -0.445452	0.6 0.3 0.5	 0.0225252   0.972989 -0.0704376
0.035763	-0.0196925  -0.303039  -0.445452	0.6 0.3 0.5	 0.0225252   0.972989 -0.0704376
0.036763	-0.0196925  -0.303039  -0.445452	0.6 0.3 0.5	 0.0225252   0.972989 -0.0704376
0.037763	-0.0196925  -0.303039  -0.445452	0.6 0.3 0.5	 0.0225252   0.972989 -0.0704376
0.038763	-0.0196925  -0.303039  -0.445452	0.6 0.3 0.5	 0.0225252   0.972989 -0.0704376
0.039763	-0.0196925  -0.303039  -0.445452	0.6 0.3 0.5	 0.0225252   0.972989 -0.0704376
0.040763	-0.0196925  -0.303039  -0.445452	0.6 0.3 0.5	 0.0225252   0.972989 -0.0704376
0.041763	-0.0196925  -0.303039  -0.445452	0.6 0.3 0.5	 0.0225252   0.972989 -0.0704376
0.042763	-0.0196925  -0.303039  -0.445452	0.6 0.3 0.5	 0.0225252   0.972989 -0.0704376
0.043763	-0.0196925  -0.303039  -0.445452	0.6 0.3 0.5	 0.0225252   0.972989 -0.0704376
0.044763	-0.0196925  -0.303039  -0.445452	0.6 0.3 0.5	 0.0225252   0.972989 -0.0704376
0.045763	-0.0196925  -0.303039  -0.445452	0.6 0.3 0.5	 0.0225252   0.972989 -0.0704376
0.046763	-0.0196925  -0.303039  -0.445452	0.6 0.3 0.5	 0.0225252   0.972989 -0.0704376
0.047763	-0.0196925  -0.303039  -0.445452	0.6 0.3 0.5	 0.0225252   0.972989 -0.0704376
0.048763	-0.0196925  -0.303039  -0.445452	0.6 0.3 0.5	 0.0225252   0.972989 -0.0704376
0.049763	-0.0196925  -0.303039  -0.445452	0.6 0.3 0.5	 0.0225252   0.972989 -0.0704376
0.050763	-0.0196925  -0.303039  -0.445452	0.6 0.3 0.5	 0.0225252   0.972989 -0.0704376
0.051763	-0.0196925  -0.303039  -0.445452	0.6 0.3 0.5	 0.0225252   0.972989 -0.0704376
0.052763	-0.0196925  -0.303039  -0.445452	0.6 0.3 0.5	 0.0225252   0.972989 -0.0704376
0.053763	-0.0196925  -0.303039  -0.445452	0.6 0.3 0.5	 0.0225252   0.972989 -0.0704376
0.054763	-0.0196925  -0.303039  -0.445452	0.6 0.3 0.5	 0.0225252   0.972989 -0.0704376
0.055763	-0.0196925  -0.303039  -0.445452	0.6 0.3 0.5	 0.0225252   0.972989 -0.0704376
0.056763	-0.0196925  -0.303039  -0.445452	0.6 0.3 0.5	 0.0225252   0.972989 -0.0704376
0.057763	-0.0196925  -0.303039  -0.445452	0.6 0.3 0.5	 0.0225252   0.972989 -0.0704376
0.058763	-0.0196925  -0.303039  -0.445452	0.6 0.3 0.5	 0.0225252   0.972989 -0.0704376
0.059763	-0.0196925  -0.303039  -0.445452	0.6 0.3 0.5	 0.0225252   0.972989 -0.0704376
0.060763	-0.0196925  -0.303039  -0.445452	0.6 0.3 0.5	 0.0225252   0.972989 -0.0704376
0.061763	-0.0196925  -0.303039  -0.445452	0.6 0.3 0.5	 0.0225252   0.972989 -0.0704376
0.062763	-0.0196925  -0.303039  -0.445452	0.6 0.3 0.5	 0.0225252   0.972989 -0.0704376
0.063763	-0.0196925  -0.303039  -0.445452	0.6 0.3 0.5	 0.0225252   0.972989 -0.0704376
0.064763	-0.0196925  -0.303039  -0.445452	0.6 0.3 0.5	 0.0225252   0.972989 -0.0704376
0.065763	-0.0196925  -0.303039  -0.445452	0.6 0.3 0.5	 0.0225252   0.972989 -0.0704376
0.066763	-0.0196925  -0.303039  -0.445452	0.6 0.3 0.5	 0.0225252   0.972989 -0.0704376
0.067763	-0.0196925  -0.303039  -0.445452	0.6 0.3 0.5	 0.0225252   0.972989 -0.0704376
0.068763	-0.0196925  -0.303039  -0.445452	0.6 0.3 0.5	 0.0225252   0.972989 -0.0704376
0.069763	-0.0196925  -0.303039  -0.445452	0.6 0.3 0.5	 0.0225252   0.972989 -0.0704376
0.0709217	-0.0196925  -0.303039  -0.445452	0.6 0.3 0.5	 0.0225252   0.972989 -0.0704376
0.0719217	-0.0196925  -0.303039  -0.445452	0.6 0.3 0.5	 0.0225252   0.972989 -0.0704376
0.0729217	-0.0196925  -0.303039  -0.445452	0.6 0.3 0.5	 0.0225252   0.972989 -0.0704376
0.0739217	-0.0196925  -0.303039  -0.445452	0.6 0.3 0.5	 0.0225252   0.972989 -0.0704376
0.0749217	-0.0196925  -0.303039  -0.445452	0.6 0.3 0.5	 0.0225252   0.972989 -0.0704376
0.0759217	-0.0196925  -0.303039  -0.445452	0.6 0.3 0.5	 0.0225252   0.972989 -0.0704376
0.0776626	-0.0196925  -0.303039  -0.445452	0.6 0.3 0.5	 0.0225252   0.972989 -0.0704376
0.0793267	-0.0196925  -0.303039  -0.445452	0.6 0.3 0.5	 0.0225252   0.972989 -0.0704376
0.0803267	-0.0196925  -0.303039  -0.445452	0.6 0.3 0.5	 0.0225252   0.972989 -0.0704376
0.0813267	-0.0196925  -0.303039  -0.445452	0.6 0.3 0.5	 0.0225252   0.972989 -0.0704376
0.0823267	-0.0196925  -0.303039  -0.445452	0.6 0.3 0.5	 0.0225252   0.972989 -0.0704376
0.0833267	-0.0196925  -0.303039  -0.445452	0.6 0.3 0.5	 0.0225252   0.972989 -0.0704376
0.0843267	-0.0196925  -0.303039  -0.445452	0.6 0.3 0.5	 0.0225252   0.972989 -0.0704376
0.0853267	-0.0196925  -0.303039  -0.445452	0.6 0.3 0.5	 0.0225252   0.972989 -0.0704376
0.0863267	-0.0196925  -0.303039  -0.445452	0.6 0.3 0.5	 0.0225252   0.972989 -0.0704376
0.0873267	-0.0196925  -0.303039  -0.445452	0.6 0.3 0.5	 0.0225252   0.972989 -0.0704376
0.0883267	-0.0196925  -0.303039  -0.445452	0.6 0.3 0.5	 0.0225252   0.972989 -0.0704376
0.0893267	-0.0196925  -0.303039  -0.445452	0.6 0.3 0.5	 0.0225252   0.972989 -0.0704376
0.0903267	-0.0196925  -0.303039  -0.445452	0.6 0.3 0.5	 0.0225252   0.972989 -0.0704376
0.0913267	-0.0196925  -0.303039  -0.445452	0.6 0.3 0.5	 0.0225252   0.972989 -0.0704376
0.0923267	-0.0196925  -0.303039  -0.445452	0.6 0.3 0.5	 0.0225252   0.972989 -0.0704376
0.0933267	-0.0196925  -0.303039  -0.445452	0.6 0.3 0.5	 0.0225252   0.972989 -0.0704376
0.0944273	-0.0196925  -0.303039  -0.445452	0.6 0.3 0.5	 0.0225252   0.972989 -0.0704376
0.0954273	-0.0196925  -0.303039  -0.445452	0.6 0.3 0.5	 0.0225252   0.972989 -0.0704376
0.0964273	-0.0196925  -0.303039  -0.445452	0.6 0.3 0.5	 0.0225252   0.972989 -0.0704376
0.0974273	-0.0196925  -0.303039  -0.445452	0.6 0.3 0.5	 0.0225252   0.972989 -0.0704376
0.0984272	-0.0196925  -0.303039  -0.445452	0.6 0.3 0.5	 0.0225252   0.972989 -0.0704376
0.0994272	-0.0196925  -0.303039  -0.445452	0.6 0.3 0.5	 0.0225252   0.972989 -0.0704376
0.100427	-0.0196925  -0.303039  -0.445452	0.6 0.3 0.5	 0.0225252   0.972989 -0.0704376
0.101427	-0.0196925  -0.303039  -0.445452	0.6 0.3 0.5	 0.0225252   0.972989 -0.0704376
0.102427	-0.0196925  -0.303039  -0.445452	0.6 0.3 0.5	 0.0225252   0.972989 -0.0704376
0.103427	-0.0196925  -0.303039  -0.445452	0.6 0.3 0.5	 0.0225252   0.972989 -0.0704376
0.104427	-0.0196925  -0.303039  -0.445452	0.6 0.3 0.5	 0.0225252   0.972989 -0.0704376
0.105427	-0.0196925  -0.303039  -0.445452	0.6 0.3 0.5	 0.0225252   0.972989 -0.0704376
0.106427	-0.0196925  -0.303039  -0.445452	0.6 0.3 0.5	 0.0225252   0.972989 -0.0704376
0.107427	-0.0196925  -0.303039  -0.445452	0.6 0.3 0.5	 0.0225252   0.972989 -0.0704376
0.108427	-0.0196925  -0.303039  -0.445452	0.6 0.3 0.5	 0.0225252   0.972989 -0.0704376
0.109427	-0.0196925  -0.303039  -0.445452	0.6 0.3 0.5	 0.0225252   0.972989 -0.0704376
0.110427	-0.0196925  -0.303039  -0.445452	0.6 0.3 0.5	 0.0225252   0.972989 -0.0704376
0.111427	-0.0196925  -0.303039  -0.445452	0.6 0.3 0.5	 0.0225252   0.972989 -0.0704376
0.112427	-0.0196925  -0.303039  -0.445452	0.6 0.3 0.5	 0.0225252   0.972989 -0.0704376
0.113427	-0.0196925  -0.303039  -0.445452	0.6 0.3 0.5	 0.0225252   0.972989 -0.0704376
0.114427	-0.0196925  -0.303039  -0.445452	0.6 0.3 0.5	 0.0225252   0.972989 -0.0704376
0.115427	-0.0196925  -0.303039  -0.445452	0.6 0.3 0.5	 0.0225252   0.972989 -0.0704376
0.116427	-0.0196925  -0.303039  -0.445452	0.6 0.3 0.5	 0.0225252   0.972989 -0.0704376
0.117427	-0.0196925  -0.303039  -0.445452	0.6 0.3 0.5	 0.0225252   0.972989 -0.0704376
0.118427	-0.0196925  -0.303039  -0.445452	0.6 0.3 0.5	 0.0225252   0.972989 -0.0704376
0.119427	-0.0196925  -0.303039  -0.445452	0.6 0.3 0.5	 0.0225252   0.972989 -0.0704376
0.120427	-0.0196925  -0.303039  -0.445452	0.6 0.3 0.5	 0.0225252   0.972989 -0.0704376
0.121427	-0.0196925  -0.303039  -0.445452	0.6 0.3 0.5	 0.0225252   0.972989 -0.0704376
0.122427	-0.0196925  -0.303039  -0.445452	0.6 0.3 0.5	 0.0225252   0.972989 -0.0704376
0.123427	-0.0196925  -0.303039  -0.445452	0.6 0.3 0.5	 0.0225252   0.972989 -0.0704376
0.124427	-0.0196925  -0.303039  -0.445452	0.6 0.3 0.5	 0.0225252   0.972989 -0.0704376
0.125427	-0.0196925  -0.303039  -0.445452	0.6 0.3 0.5	 0.0225252   0.972989 -0.0704376
0.126443	-0.0196925  -0.303039  -0.445452	0.6 0.3 0.5	 0.0225252   0.972989 -0.0704376
0.127443	-0.0196925  -0.303039  -0.445452	0.6 0.3 0.5	 0.0225252   0.972989 -0.0704376
0.128443	-0.0196925  -0.303039  -0.445452	0.6 0.3 0.5	 0.0225252   0.972989 -0.0704376
0.129443	-0.0196925  -0.303039  -0.445452	0.6 0.3 0.5	 0.0225252   0.972989 -0.0704376
0.130443	-0.0196925  -0.303039  -0.445452	0.6 0.3 0.5	 0.0225252   0.972989 -0.0704376
0.131443	-0.0196925  -0.303039  -0.445452	0.6 0.3 0.5	 0.0225252   0.972989 -0.0704376
0.132443	-0.0196925  -0.303039  -0.445452	0.6 0.3 0.5	 0.0225252   0.972989 -0.0704376
0.133443	-0.0196925  -0.303039  -0.445452	0.6 0.3 0.5	 0.0225252   0.972989 -0.0704376
0.134443	-0.0196925  -0.303039  -0.445452	0.6 0.3 0.5	 0.0225252   0.972989 -0.0704376
0.135443	-0.0196925  -0.303039  -0.445452	0.6 0.3 0.5	 0.0225252   0.972989 -0.0704376
0.136443	-0.0196925  -0.303039  -0.445452	0.6 0.3 0.5	 0.0225252   0.972989 -0.0704376
0.137443	-0.0196925  -0.303039  -0.445452	0.6 0.3 0.5	 0.0225252   0.972989 -0.0704376
0.138443	-0.0196925  -0.303039  -0.445452	0.6 0.3 0.5	 0.0225252   0.972989 -0.0704376
0.139443	-0.0196925  -0.303039  -0.445452	0.6 0.3 0.5	 0.0225252   0.972989 -0.0704376
0.140443	-0.0196925  -0.303039  -0.445452	0.6 0.3 0.5	 0.0225252   0.972989 -0.0704376
0.141443	-0.0196925  -0.303039  -0.445452	0.6 0.3 0.5	 0.0225252   0.972989 -0.0704376
0.142444	-0.0196925  -0.303039  -0.445452	0.6 0.3 0.5	 0.0225252   0.972989 -0.0704376
0.143444	-0.0196925  -0.303039  -0.445452	0.6 0.3 0.5	 0.0225252   0.972989 -0.0704376
0.144444	-0.0196925  -0.303039  -0.445452	0.6 0.3 0.5	 0.0225252   0.972989 -0.0704376
0.145444	-0.0196925  -0.303039  -0.445452	0.6 0.3 0.5	 0.0225252   0.972989 -0.0704376
0.146444	-0.0196925  -0.303039  -0.445452	0.6 0.3 0.5	 0.0225252   0.972989 -0.0704376
0.147444	-0.0196925  -0.303039  -0.445452	0.6 0.3 0.5	 0.0225252   0.972989 -0.0704376
0.148444	-0.0196925  -0.303039  -0.445452	0.6 0.3 0.5	 0.0225252   0.972989 -0.0704376
0.149444	-0.0196925  -0.303039  -0.445452	0.6 0.3 0.5	 0.0225252   0.972989 -0.0704376
0.150444	-0.0196925  -0.303039  -0.445452	0.6 0.3 0.5	 0.0225252   0.972989 -0.0704376
0.151444	-0.0196925  -0.303039  -0.445452	0.6 0.3 0.5	 0.0225252   0.972989 -0.0704376
0.152444	-0.0196925  -0.303039  -0.445452	0.6 0.3 0.5	 0.0225252   0.972989 -0.0704376
0.153444	-0.0196925  -0.303039  -0.445452	0.6 0.3 0.5	 0.0225252   0.972989 -0.0704376
0.154444	-0.0196925  -0.303039  -0.445452	0.6 0.3 0.5	 0.0225252   0.972989 -0.0704376
0.155444	-0.0196925  -0.303039  -0.445452	0.6 0.3 0.5	 0.0225252   0.972989 -0.0704376
0.156444	-0.0196925  -0.303039  -0.445452	0.6 0.3 0.5	 0.0225252   0.972989 -0.0704376
0.157443	-0.0196925  -0.303039  -0.445452	0.6 0.3 0.5	 0.0225252   0.972989 -0.0704376
0.158443	-0.0196925  -0.303039  -0.445452	0.6 0.3 0.5	 0.0225252   0.972989 -0.0704376
0.15993	-0.0196925  -0.303039  -0.445452	0.6 0.3 0.5	 0.0225252   0.972989 -0.0704376
0.16093	-0.0196925  -0.303039  -0.445452	0.6 0.3 0.5	 0.0225252   0.972989 -0.0704376
0.16193	-0.0196925  -0.303039  -0.445452	0.6 0.3 0.5	 0.0225252   0.972989 -0.0704376
0.16293	-0.0196925  -0.303039  -0.445452	0.6 0.3 0.5	 0.0225252   0.972989 -0.0704376
0.16393	-0.0196925  -0.303039  -0.445452	0.6 0.3 0.5	 0.0225252   0.972989 -0.0704376
0.16493	-0.0196925  -0.303039  -0.445452	0.6 0.3 0.5	 0.0225252   0.972989 -0.0704376
0.16593	-0.0196925  -0.303039  -0.445452	0.6 0.3 0.5	 0.0225252   0.972989 -0.0704376
0.16693	-0.0196925  -0.303039  -0.445452	0.6 0.3 0.5	 0.0225252   0.972989 -0.0704376
0.16793	-0.0196925  -0.303039  -0.445452	0.6 0.3 0.5	 0.0225252   0.972989 -0.0704376
0.16893	-0.0196925  -0.303039  -0.445452	0.6 0.3 0.5	 0.0225252   0.972989 -0.0704376
0.16993	-0.0196925  -0.303039  -0.445452	0.6 0.3 0.5	 0.0225252   0.972989 -0.0704376
0.17093	-0.0196925  -0.303039  -0.445452	0.6 0.3 0.5	 0.0225252   0.972989 -0.0704376
0.17193	-0.0196925  -0.303039  -0.445452	0.6 0.3 0.5	 0.0225252   0.972989 -0.0704376
0.17293	-0.0196925  -0.303039  -0.445452	0.6 0.3 0.5	 0.0225252   0.972989 -0.0704376
0.17393	-0.0196925  -0.303039  -0.445452	0.6 0.3 0.5	 0.0225252   0.972989 -0.0704376
0.17493	-0.0196925  -0.303039  -0.445452	0.6 0.3 0.5	 0.0225252   0.972989 -0.0704376
0.17593	-0.0196925  -0.303039  -0.445452	0.6 0.3 0.5	 0.0225252   0.972989 -0.0704376
0.17693	-0.0196925  -0.303039  -0.445452	0.6 0.3 0.5	 0.0225252   0.972989 -0.0704376
0.17793	-0.0196925  -0.303039  -0.445452	0.6 0.3 0.5	 0.0225252   0.972989 -0.0704376
0.17893	-0.0196925  -0.303039  -0.445452	0.6 0.3 0.5	 0.0225252   0.972989 -0.0704376
0.17993	-0.0196925  -0.303039  -0.445452	0.6 0.3 0.5	 0.0225252   0.972989 -0.0704376
0.18093	-0.0196925  -0.303039  -0.445452	0.6 0.3 0.5	 0.0225252   0.972989 -0.0704376
0.18193	-0.0196925  -0.303039  -0.445452	0.6 0.3 0.5	 0.0225252   0.972989 -0.0704376
0.18293	-0.0196925  -0.303039  -0.445452	0.6 0.3 0.5	 0.0225252   0.972989 -0.0704376
0.18393	-0.0196925  -0.303039  -0.445452	0.6 0.3 0.5	 0.0225252   0.972989 -0.0704376
0.18493	-0.0196925  -0.303039  -0.445452	0.6 0.3 0.5	 0.0225252   0.972989 -0.0704376
0.18593	-0.0196925  -0.303039  -0.445452	0.6 0.3 0.5	 0.0225252   0.972989 -0.0704376
0.18693	-0.0196925  -0.303039  -0.445452	0.6 0.3 0.5	 0.0225252   0.972989 -0.0704376
0.18793	-0.0196925  -0.303039  -0.445452	0.6 0.3 0.5	 0.0225252   0.972989 -0.0704376
0.18893	-0.0196925  -0.303039  -0.445452	0.6 0.3 0.5	 0.0225252   0.972989 -0.0704376
0.18993	-0.0196925  -0.303039  -0.445452	0.6 0.3 0.5	 0.0225252   0.972989 -0.0704376
0.19093	-0.0196925  -0.303039  -0.445452	0.6 0.3 0.5	 0.0225252   0.972989 -0.0704376
0.19193	-0.0196925  -0.303039  -0.445452	0.6 0.3 0.5	 0.0225252   0.972989 -0.0704376
0.19293	-0.0196925  -0.303039  -0.445452	0.6 0.3 0.5	 0.0225252   0.972989 -0.0704376
0.19393	-0.0196925  -0.303039  -0.445452	0.6 0.3 0.5	 0.0225252   0.972989 -0.0704376
0.19493	-0.0196925  -0.303039  -0.445452	0.6 0.3 0.5	 0.0225252   0.972989 -0.0704376
0.19593	-0.0196925  -0.303039  -0.445452	0.6 0.3 0.5	 0.0225252   0.972989 -0.0704376
0.19693	-0.0196925  -0.303039  -0.445452	0.6 0.3 0.5	 0.0225252   0.972989 -0.0704376
0.19793	-0.0196925  -0.303039  -0.445452	0.6 0.3 0.5	 0.0225252   0.972989 -0.0704376
0.19893	-0.0196925  -0.303039  -0.445452	0.6 0.3 0.5	 0.0225252   0.972989 -0.0704376
0.19993	-0.0196925  -0.303039  -0.445452	0.6 0.3 0.5	 0.0225252   0.972989 -0.0704376
0.20093	-0.0196925  -0.303039  -0.445452	0.6 0.3 0.5	 0.0225252   0.972989 -0.0704376
0.20193	-0.0196925  -0.303039  -0.445452	0.6 0.3 0.5	 0.0225252   0.972989 -0.0704376
0.20293	-0.0196925  -0.303039  -0.445452	0.6 0.3 0.5	 0.0225252   0.972989 -0.0704376
0.20393	-0.0196925  -0.303039  -0.445452	0.6 0.3 0.5	 0.0225252   0.972989 -0.0704376
0.20493	-0.0196925  -0.303039  -0.445452	0.6 0.3 0.5	 0.0225252   0.972989 -0.0704376
0.20593	-0.0196925  -0.303039  -0.445452	0.6 0.3 0.5	 0.0225252   0.972989 -0.0704376
0.20693	-0.0196925  -0.303039  -0.445452	0.6 0.3 0.5	 0.0225252   0.972989 -0.0704376
0.20793	-0.0196925  -0.303039  -0.445452	0.6 0.3 0.5	 0.0225252   0.972989 -0.0704376
0.20893	-0.0196925  -0.303039  -0.445452	0.6 0.3 0.5	 0.0225252   0.972989 -0.0704376
0.209947	-0.0196925  -0.303039  -0.445452	0.6 0.3 0.5	 0.0225252   0.972989 -0.0704376
0.210947	-0.0196925  -0.303039  -0.445452	0.6 0.3 0.5	 0.0225252   0.972989 -0.0704376
0.211947	-0.0196925  -0.303039  -0.445452	0.6 0.3 0.5	 0.0225252   0.972989 -0.0704376
0.212947	-0.0196925  -0.303039  -0.445452	0.6 0.3 0.5	 0.0225252   0.972989 -0.0704376
0.213947	-0.0196925  -0.303039  -0.445452	0.6 0.3 0.5	 0.0225252   0.972989 -0.0704376
0.214947	-0.0196925  -0.303039  -0.445452	0.6 0.3 0.5	 0.0225252   0.972989 -0.0704376
0.215947	-0.0196925  -0.303039  -0.445452	0.6 0.3 0.5	 0.0225252   0.972989 -0.0704376
0.216947	-0.0196925  -0.303039  -0.445452	0.6 0.3 0.5	 0.0225252   0.972989 -0.0704376
0.217947	-0.0196925  -0.303039  -0.445452	0.6 0.3 0.5	 0.0225252   0.972989 -0.0704376
0.218947	-0.0196925  -0.303039  -0.445452	0.6 0.3 0.5	 0.0225252   0.972989 -0.0704376
0.219947	-0.0196925  -0.303039  -0.445452	0.6 0.3 0.5	 0.0225252   0.972989 -0.0704376
0.220947	-0.0196925  -0.303039  -0.445452	0.6 0.3 0.5	 0.0225252   0.972989 -0.0704376
0.221947	-0.0196925  -0.303039  -0.445452	0.6 0.3 0.5	 0.0225252   0.972989 -0.0704376
0.222947	-0.0196925  -0.303039  -0.445452	0.6 0.3 0.5	 0.0225252   0.972989 -0.0704376
0.223947	-0.0196925  -0.303039  -0.445452	0.6 0.3 0.5	 0.0225252   0.972989 -0.0704376
0.224947	-0.0196925  -0.303039  -0.445452	0.6 0.3 0.5	 0.0225252   0.972989 -0.0704376
0.225947	-0.0196925  -0.303039  -0.445452	0.6 0.3 0.5	 0.0225252   0.972989 -0.0704376
0.22733	-0.0196925  -0.303039  -0.445452	0.6 0.3 0.5	 0.0225252   0.972989 -0.0704376
0.22833	-0.0196925  -0.303039  -0.445452	0.6 0.3 0.5	 0.0225252   0.972989 -0.0704376
0.22933	-0.0196925  -0.303039  -0.445452	0.6 0.3 0.5	 0.0225252   0.972989 -0.0704376
0.23033	-0.0196925  -0.303039  -0.445452	0.6 0.3 0.5	 0.0225252   0.972989 -0.0704376
0.23133	-0.0196925  -0.303039  -0.445452	0.6 0.3 0.5	 0.0225252   0.972989 -0.0704376
0.23233	-0.0196925  -0.303039  -0.445452	0.6 0.3 0.5	 0.0225252   0.972989 -0.0704376
0.23333	-0.0196925  -0.303039  -0.445452	0.6 0.3 0.5	 0.0225252   0.972989 -0.0704376
0.23433	-0.0196925  -0.303039  -0.445452	0.6 0.3 0.5	 0.0225252   0.972989 -0.0704376
0.23533	-0.0196925  -0.303039  -0.445452	0.6 0.3 0.5	 0.0225252   0.972989 -0.0704376
0.23633	-0.0196925  -0.303039  -0.445452	0.6 0.3 0.5	 0.0225252   0.972989 -0.0704376
0.23733	-0.0196925  -0.303039  -0.445452	0.6 0.3 0.5	 0.0225252   0.972989 -0.0704376
0.23833	-0.0196925  -0.303039  -0.445452	0.6 0.3 0.5	 0.0225252   0.972989 -0.0704376
0.23933	-0.0196925  -0.303039  -0.445452	0.6 0.3 0.5	 0.0225252   0.972989 -0.0704376
0.24033	-0.0196925  -0.303039  -0.445452	0.6 0.3 0.5	 0.0225252   0.972989 -0.0704376
0.24133	-0.0196925  -0.303039  -0.445452	0.6 0.3 0.5	 0.0225252   0.972989 -0.0704376
0.24233	-0.0196925  -0.303039  -0.445452	0.6 0.3 0.5	 0.0225252   0.972989 -0.0704376
0.24333	-0.0196925  -0.303039  -0.445452	0.6 0.3 0.5	 0.0225252   0.972989 -0.0704376
0.24433	-0.0196925  -0.303039  -0.445452	0.6 0.3 0.5	 0.0225252   0.972989 -0.0704376
0.24533	-0.0196925  -0.303039  -0.445452	0.6 0.3 0.5	 0.0225252   0.972989 -0.0704376
0.24633	-0.0196925  -0.303039  -0.445452	0.6 0.3 0.5	 0.0225252   0.972989 -0.0704376
0.24733	-0.0196925  -0.303039  -0.445452	0.6 0.3 0.5	 0.0225252   0.972989 -0.0704376
0.24833	-0.0196925  -0.303039  -0.445452	0.6 0.3 0.5	 0.0225252   0.972989 -0.0704376
0.24933	-0.0196925  -0.303039  -0.445452	0.6 0.3 0.5	 0.0225252   0.972989 -0.0704376
0.25033	-0.0196925  -0.303039  -0.445452	0.6 0.3 0.5	 0.0225252   0.972989 -0.0704376
0.25133	-0.0196925  -0.303039  -0.445452	0.6 0.3 0.5	 0.0225252   0.972989 -0.0704376
0.25233	-0.0196925  -0.303039  -0.445452	0.6 0.3 0.5	 0.0225252   0.972989 -0.0704376
0.25333	-0.0196925  -0.303039  -0.445452	0.6 0.3 0.5	 0.0225252   0.972989 -0.0704376
0.25433	-0.0196925  -0.303039  -0.445452	0.6 0.3 0.5	 0.0225252   0.972989 -0.0704376
0.25533	-0.0196925  -0.303039  -0.445452	0.6 0.3 0.5	 0.0225252   0.972989 -0.0704376
0.25633	-0.0196925  -0.303039  -0.445452	0.6 0.3 0.5	 0.0225252   0.972989 -0.0704376
0.25733	-0.0196925  -0.303039  -0.445452	0.6 0.3 0.5	 0.0225252   0.972989 -0.0704376
0.25833	-0.0196925  -0.303039  -0.445452	0.6 0.3 0.5	 0.0225252   0.972989 -0.0704376
0.25933	-0.0196925  -0.303039  -0.445452	0.6 0.3 0.5	 0.0225252   0.972989 -0.0704376
0.26033	-0.0196925  -0.303039  -0.445452	0.6 0.3 0.5	 0.0225252   0.972989 -0.0704376
0.26133	-0.0196925  -0.303039  -0.445452	0.6 0.3 0.5	 0.0225252   0.972989 -0.0704376
0.26233	-0.0196925  -0.303039  -0.445452	0.6 0.3 0.5	 0.0225252   0.972989 -0.0704376
0.26333	-0.0196925  -0.303039  -0.445452	0.6 0.3 0.5	 0.0225252   0.972989 -0.0704376
0.26433	-0.0196925  -0.303039  -0.445452	0.6 0.3 0.5	 0.0225252   0.972989 -0.0704376
0.26533	-0.0196925  -0.303039  -0.445452	0.6 0.3 0.5	 0.0225252   0.972989 -0.0704376
0.26633	-0.0196925  -0.303039  -0.445452	0.6 0.3 0.5	 0.0225252   0.972989 -0.0704376
0.26733	-0.0196925  -0.303039  -0.445452	0.6 0.3 0.5	 0.0225252   0.972989 -0.0704376
0.26833	-0.0196925  -0.303039  -0.445452	0.6 0.3 0.5	 0.0225252   0.972989 -0.0704376
0.26933	-0.0196925  -0.303039  -0.445452	0.6 0.3 0.5	 0.0225252   0.972989 -0.0704376
0.27033	-0.0196925  -0.303039  -0.445452	0.6 0.3 0.5	 0.0225252   0.972989 -0.0704376
0.27133	-0.0196925  -0.303039  -0.445452	0.6 0.3 0.5	 0.0225252   0.972989 -0.0704376
0.27233	-0.0196925  -0.303039  -0.445452	0.6 0.3 0.5	 0.0225252   0.972989 -0.0704376
0.27333	-0.0196925  -0.303039  -0.445452	0.6 0.3 0.5	 0.0225252   0.972989 -0.0704376
0.27433	-0.0196925  -0.303039  -0.445452	0.6 0.3 0.5	 0.0225252   0.972989 -0.0704376
0.27533	-0.0196925  -0.303039  -0.445452	0.6 0.3 0.5	 0.0225252   0.972989 -0.0704376
0.27633	-0.0196925  -0.303039  -0.445452	0.6 0.3 0.5	 0.0225252   0.972989 -0.0704376
0.27733	-0.0196925  -0.303039  -0.445452	0.6 0.3 0.5	 0.0225252   0.972989 -0.0704376
0.27833	-0.0196925  -0.303039  -0.445452	0.6 0.3 0.5	 0.0225252   0.972989 -0.0704376
0.27933	-0.0196925  -0.303039  -0.445452	0.6 0.3 0.5	 0.0225252   0.972989 -0.0704376
0.28033	-0.0196925  -0.303039  -0.445452	0.6 0.3 0.5	 0.0225252   0.972989 -0.0704376
0.28133	-0.0196925  -0.303039  -0.445452	0.6 0.3 0.5	 0.0225252   0.972989 -0.0704376
0.28233	-0.0196925  -0.303039  -0.445452	0.6 0.3 0.5	 0.0225252   0.972989 -0.0704376
0.28333	-0.0196925  -0.303039  -0.445452	0.6 0.3 0.5	 0.0225252   0.972989 -0.0704376
0.28433	-0.0196925  -0.303039  -0.445452	0.6 0.3 0.5	 0.0225252   0.972989 -0.0704376
0.28533	-0.0196925  -0.303039  -0.445452	0.6 0.3 0.5	 0.0225252   0.972989 -0.0704376
0.28633	-0.0196925  -0.303039  -0.445452	0.6 0.3 0.5	 0.0225252   0.972989 -0.0704376
0.28733	-0.0196925  -0.303039  -0.445452	0.6 0.3 0.5	 0.0225252   0.972989 -0.0704376
0.28833	-0.0196925  -0.303039  -0.445452	0.6 0.3 0.5	 0.0225252   0.972989 -0.0704376
0.28933	-0.0196925  -0.303039  -0.445452	0.6 0.3 0.5	 0.0225252   0.972989 -0.0704376
0.29033	-0.0196925  -0.303039  -0.445452	0.6 0.3 0.5	 0.0225252   0.972989 -0.0704376
0.29133	-0.0196925  -0.303039  -0.445452	0.6 0.3 0.5	 0.0225252   0.972989 -0.0704376
0.29233	-0.0196925  -0.303039  -0.445452	0.6 0.3 0.5	 0.0225252   0.972989 -0.0704376
0.29333	-0.0196925  -0.303039  -0.445452	0.6 0.3 0.5	 0.0225252   0.972989 -0.0704376
0.294343	-0.0196925  -0.303039  -0.445452	0.6 0.3 0.5	 0.0225252   0.972989 -0.0704376
0.295343	-0.0196925  -0.303039  -0.445452	0.6 0.3 0.5	 0.0225252   0.972989 -0.0704376
0.296343	-0.0196925  -0.303039  -0.445452	0.6 0.3 0.5	 0.0225252   0.972989 -0.0704376
0.297343	-0.0196925  -0.303039  -0.445452	0.6 0.3 0.5	 0.0225252   0.972989 -0.0704376
0.298343	-0.0196925  -0.303039  -0.445452	0.6 0.3 0.5	 0.0225252   0.972989 -0.0704376
0.299343	-0.0196925  -0.303039  -0.445452	0.6 0.3 0.5	 0.0225252   0.972989 -0.0704376
0.300343	-0.0196925  -0.303039  -0.445452	0.6 0.3 0.5	 0.0225252   0.972989 -0.0704376
0.301343	-0.0196925  -0.303039  -0.445452	0.6 0.3 0.5	 0.0225252   0.972989 -0.0704376
0.302343	-0.0196925  -0.303039  -0.445452	0.6 0.3 0.5	 0.0225252   0.972989 -0.0704376
0.303343	-0.0196925  -0.303039  -0.445452	0.6 0.3 0.5	 0.0225252   0.972989 -0.0704376
0.304343	-0.0196925  -0.303039  -0.445452	0.6 0.3 0.5	 0.0225252   0.972989 -0.0704376
0.305343	-0.0196925  -0.303039  -0.445452	0.6 0.3 0.5	 0.0225252   0.972989 -0.0704376
0.306343	-0.0196925  -0.303039  -0.445452	0.6 0.3 0.5	 0.0225252   0.972989 -0.0704376
0.307343	-0.0196925  -0.303039  -0.445452	0.6 0.3 0.5	 0.0225252   0.972989 -0.0704376
0.308343	-0.0196925  -0.303039  -0.445452	0.6 0.3 0.5	 0.0225252   0.972989 -0.0704376
0.309343	-0.0196925  -0.303039  -0.445452	0.6 0.3 0.5	 0.0225252   0.972989 -0.0704376
0.310343	-0.0196925  -0.303039  -0.445452	0.6 0.3 0.5	 0.0225252   0.972989 -0.0704376
0.311343	-0.0196925  -0.303039  -0.445452	0.6 0.3 0.5	 0.0225252   0.972989 -0.0704376
0.312343	-0.0196925  -0.303039  -0.445452	0.6 0.3 0.5	 0.0225252   0.972989 -0.0704376
0.313343	-0.0196925  -0.303039  -0.445452	0.6 0.3 0.5	 0.0225252   0.972989 -0.0704376
0.314343	-0.0196925  -0.303039  -0.445452	0.6 0.3 0.5	 0.0225252   0.972989 -0.0704376
0.315343	-0.0196925  -0.303039  -0.445452	0.6 0.3 0.5	 0.0225252   0.972989 -0.0704376
0.316343	-0.0196925  -0.303039  -0.445452	0.6 0.3 0.5	 0.0225252   0.972989 -0.0704376
0.317343	-0.0196925  -0.303039  -0.445452	0.6 0.3 0.5	 0.0225252   0.972989 -0.0704376
0.318343	-0.0196925  -0.303039  -0.445452	0.6 0.3 0.5	 0.0225252   0.972989 -0.0704376
0.319343	-0.0196925  -0.303039  -0.445452	0.6 0.3 0.5	 0.0225252   0.972989 -0.0704376
0.320343	-0.0196925  -0.303039  -0.445452	0.6 0.3 0.5	 0.0225252   0.972989 -0.0704376
0.321343	-0.0196925  -0.303039  -0.445452	0.6 0.3 0.5	 0.0225252   0.972989 -0.0704376
0.322343	-0.0196925  -0.303039  -0.445452	0.6 0.3 0.5	 0.0225252   0.972989 -0.0704376
0.323343	-0.0196925  -0.303039  -0.445452	0.6 0.3 0.5	 0.0225252   0.972989 -0.0704376
0.324343	-0.0196925  -0.303039  -0.445452	0.6 0.3 0.5	 0.0225252   0.972989 -0.0704376
0.325343	-0.0196925  -0.303039  -0.445452	0.6 0.3 0.5	 0.0225252   0.972989 -0.0704376
0.326343	-0.0196925  -0.303039  -0.445452	0.6 0.3 0.5	 0.0225252   0.972989 -0.0704376
0.327343	-0.0196925  -0.303039  -0.445452	0.6 0.3 0.5	 0.0225252   0.972989 -0.0704376
0.328343	-0.0196925  -0.303039  -0.445452	0.6 0.3 0.5	 0.0225252   0.972989 -0.0704376
0.329343	-0.0196925  -0.303039  -0.445452	0.6 0.3 0.5	 0.0225252   0.972989 -0.0704376
0.330343	-0.0196925  -0.303039  -0.445452	0.6 0.3 0.5	 0.0225252   0.972989 -0.0704376
0.331343	-0.0196925  -0.303039  -0.445452	0.6 0.3 0.5	 0.0225252   0.972989 -0.0704376
0.332343	-0.0196925  -0.303039  -0.445452	0.6 0.3 0.5	 0.0225252   0.972989 -0.0704376
0.333343	-0.0196925  -0.303039  -0.445452	0.6 0.3 0.5	 0.0225252   0.972989 -0.0704376
0.334343	-0.0196925  -0.303039  -0.445452	0.6 0.3 0.5	 0.0225252   0.972989 -0.0704376
0.335343	-0.0196925  -0.303039  -0.445452	0.6 0.3 0.5	 0.0225252   0.972989 -0.0704376
0.336343	-0.0196925  -0.303039  -0.445452	0.6 0.3 0.5	 0.0225252   0.972989 -0.0704376
0.337343	-0.0196925  -0.303039  -0.445452	0.6 0.3 0.5	 0.0225252   0.972989 -0.0704376
0.338343	-0.0196925  -0.303039  -0.445452	0.6 0.3 0.5	 0.0225252   0.972989 -0.0704376
0.339343	-0.0196925  -0.303039  -0.445452	0.6 0.3 0.5	 0.0225252   0.972989 -0.0704376
0.340343	-0.0196925  -0.303039  -0.445452	0.6 0.3 0.5	 0.0225252   0.972989 -0.0704376
0.341343	-0.0196925  -0.303039  -0.445452	0.6 0.3 0.5	 0.0225252   0.972989 -0.0704376
0.342343	-0.0196925  -0.303039  -0.445452	0.6 0.3 0.5	 0.0225252   0.972989 -0.0704376
0.343343	-0.0196925  -0.303039  -0.445452	0.6 0.3 0.5	 0.0225252   0.972989 -0.0704376
0.344701	-0.0196925  -0.303039  -0.445452	0.6 0.3 0.5	 0.0225252   0.972989 -0.0704376
0.345701	-0.0196925  -0.303039  -0.445452	0.6 0.3 0.5	 0.0225252   0.972989 -0.0704376
0.346701	-0.0196925  -0.303039  -0.445452	0.6 0.3 0.5	 0.0225252   0.972989 -0.0704376
0.347701	-0.0196925  -0.303039  -0.445452	0.6 0.3 0.5	 0.0225252   0.972989 -0.0704376
0.348701	-0.0196925  -0.303039  -0.445452	0.6 0.3 0.5	 0.0225252   0.972989 -0.0704376
0.349701	-0.0196925  -0.303039  -0.445452	0.6 0.3 0.5	 0.0225252   0.972989 -0.0704376
0.350701	-0.0196925  -0.303039  -0.445452	0.6 0.3 0.5	 0.0225252   0.972989 -0.0704376
0.351701	-0.0196925  -0.303039  -0.445452	0.6 0.3 0.5	 0.0225252   0.972989 -0.0704376
0.352701	-0.0196925  -0.303039  -0.445452	0.6 0.3 0.5	 0.0225252   0.972989 -0.0704376
0.353701	-0.0196925  -0.303039  -0.445452	0.6 0.3 0.5	 0.0225252   0.972989 -0.0704376
0.354701	-0.0196925  -0.303039  -0.445452	0.6 0.3 0.5	 0.0225252   0.972989 -0.0704376
0.355701	-0.0196925  -0.303039  -0.445452	0.6 0.3 0.5	 0.0225252   0.972989 -0.0704376
0.356701	-0.0196925  -0.303039  -0.445452	0.6 0.3 0.5	 0.0225252   0.972989 -0.0704376
0.357701	-0.0196925  -0.303039  -0.445452	0.6 0.3 0.5	 0.0225252   0.972989 -0.0704376
0.358701	-0.0196925  -0.303039  -0.445452	0.6 0.3 0.5	 0.0225252   0.972989 -0.0704376
0.359701	-0.0196925  -0.303039  -0.445452	0.6 0.3 0.5	 0.0225252   0.972989 -0.0704376
0.360701	-0.0196925  -0.303039  -0.445452	0.6 0.3 0.5	 0.0225252   0.972989 -0.0704376
0.361701	-0.0196925  -0.303039  -0.445452	0.6 0.3 0.5	 0.0225252   0.972989 -0.0704376
0.362701	-0.0196925  -0.303039  -0.445452	0.6 0.3 0.5	 0.0225252   0.972989 -0.0704376
0.363701	-0.0196925  -0.303039  -0.445452	0.6 0.3 0.5	 0.0225252   0.972989 -0.0704376
0.364701	-0.0196925  -0.303039  -0.445452	0.6 0.3 0.5	 0.0225252   0.972989 -0.0704376
0.365701	-0.0196925  -0.303039  -0.445452	0.6 0.3 0.5	 0.0225252   0.972989 -0.0704376
0.366701	-0.0196925  -0.303039  -0.445452	0.6 0.3 0.5	 0.0225252   0.972989 -0.0704376
0.367701	-0.0196925  -0.303039  -0.445452	0.6 0.3 0.5	 0.0225252   0.972989 -0.0704376
0.368701	-0.0196925  -0.303039  -0.445452	0.6 0.3 0.5	 0.0225252   0.972989 -0.0704376
0.369701	-0.0196925  -0.303039  -0.445452	0.6 0.3 0.5	 0.0225252   0.972989 -0.0704376
0.370701	-0.0196925  -0.303039  -0.445452	0.6 0.3 0.5	 0.0225252   0.972989 -0.0704376
0.371701	-0.0196925  -0.303039  -0.445452	0.6 0.3 0.5	 0.0225252   0.972989 -0.0704376
0.372701	-0.0196925  -0.303039  -0.445452	0.6 0.3 0.5	 0.0225252   0.972989 -0.0704376
0.373701	-0.0196925  -0.303039  -0.445452	0.6 0.3 0.5	 0.0225252   0.972989 -0.0704376
0.374701	-0.0196925  -0.303039  -0.445452	0.6 0.3 0.5	 0.0225252   0.972989 -0.0704376
0.375701	-0.0196925  -0.303039  -0.445452	0.6 0.3 0.5	 0.0225252   0.972989 -0.0704376
0.376701	-0.0196925  -0.303039  -0.445452	0.6 0.3 0.5	 0.0225252   0.972989 -0.0704376
0.377701	-0.0196925  -0.303039  -0.445452	0.6 0.3 0.5	 0.0225252   0.972989 -0.0704376
0.378701	-0.0196925  -0.303039  -0.445452	0.6 0.3 0.5	 0.0225252   0.972989 -0.0704376
0.380227	-0.0196925  -0.303039  -0.445452	0.6 0.3 0.5	 0.0225252   0.972989 -0.0704376
0.381227	-0.0196925  -0.303039  -0.445452	0.6 0.3 0.5	 0.0225252   0.972989 -0.0704376
0.382227	-0.0196925  -0.303039  -0.445452	0.6 0.3 0.5	 0.0225252   0.972989 -0.0704376
0.383227	-0.0196925  -0.303039  -0.445452	0.6 0.3 0.5	 0.0225252   0.972989 -0.0704376
0.384227	-0.0196925  -0.303039  -0.445452	0.6 0.3 0.5	 0.0225252   0.972989 -0.0704376
0.385227	-0.0196925  -0.303039  -0.445452	0.6 0.3 0.5	 0.0225252   0.972989 -0.0704376
0.386227	-0.0196925  -0.303039  -0.445452	0.6 0.3 0.5	 0.0225252   0.972989 -0.0704376
0.387227	-0.0196925  -0.303039  -0.445452	0.6 0.3 0.5	 0.0225252   0.972989 -0.0704376
0.388227	-0.0196925  -0.303039  -0.445452	0.6 0.3 0.5	 0.0225252   0.972989 -0.0704376
0.389227	-0.0196925  -0.303039  -0.445452	0.6 0.3 0.5	 0.0225252   0.972989 -0.0704376
0.390227	-0.0196925  -0.303039  -0.445452	0.6 0.3 0.5	 0.0225252   0.972989 -0.0704376
0.391227	-0.0196925  -0.303039  -0.445452	0.6 0.3 0.5	 0.0225252   0.972989 -0.0704376
0.392227	-0.0196925  -0.303039  -0.445452	0.6 0.3 0.5	 0.0225252   0.972989 -0.0704376
0.393227	-0.0196925  -0.303039  -0.445452	0.6 0.3 0.5	 0.0225252   0.972989 -0.0704376
0.394227	-0.0196925  -0.303039  -0.445452	0.6 0.3 0.5	 0.0225252   0.972989 -0.0704376
0.395227	-0.0196925  -0.303039  -0.445452	0.6 0.3 0.5	 0.0225252   0.972989 -0.0704376
0.396227	-0.0196925  -0.303039  -0.445452	0.6 0.3 0.5	 0.0225252   0.972989 -0.0704376
0.397227	-0.0196925  -0.303039  -0.445452	0.6 0.3 0.5	 0.0225252   0.972989 -0.0704376
0.398227	-0.0196925  -0.303039  -0.445452	0.6 0.3 0.5	 0.0225252   0.972989 -0.0704376
0.399227	-0.0196925  -0.303039  -0.445452	0.6 0.3 0.5	 0.0225252   0.972989 -0.0704376
0.400227	-0.0196925  -0.303039  -0.445452	0.6 0.3 0.5	 0.0225252   0.972989 -0.0704376
0.401227	-0.0196925  -0.303039  -0.445452	0.6 0.3 0.5	 0.0225252   0.972989 -0.0704376
0.402227	-0.0196925  -0.303039  -0.445452	0.6 0.3 0.5	 0.0225252   0.972989 -0.0704376
0.403227	-0.0196925  -0.303039  -0.445452	0.6 0.3 0.5	 0.0225252   0.972989 -0.0704376
0.404227	-0.0196925  -0.303039  -0.445452	0.6 0.3 0.5	 0.0225252   0.972989 -0.0704376
0.405227	-0.0196925  -0.303039  -0.445452	0.6 0.3 0.5	 0.0225252   0.972989 -0.0704376
0.406227	-0.0196925  -0.303039  -0.445452	0.6 0.3 0.5	 0.0225252   0.972989 -0.0704376
0.407227	-0.0196925  -0.303039  -0.445452	0.6 0.3 0.5	 0.0225252   0.972989 -0.0704376
0.408227	-0.0196925  -0.303039  -0.445452	0.6 0.3 0.5	 0.0225252   0.972989 -0.0704376
0.409227	-0.0196925  -0.303039  -0.445452	0.6 0.3 0.5	 0.0225252   0.972989 -0.0704376
0.410227	-0.0196925  -0.303039  -0.445452	0.6 0.3 0.5	 0.0225252   0.972989 -0.0704376
0.411227	-0.0196925  -0.303039  -0.445452	0.6 0.3 0.5	 0.0225252   0.972989 -0.0704376
0.412272	-0.0196925  -0.303039  -0.445452	0.6 0.3 0.5	 0.0225252   0.972989 -0.0704376
0.413272	-0.0196925  -0.303039  -0.445452	0.6 0.3 0.5	 0.0225252   0.972989 -0.0704376
0.414272	-0.0196925  -0.303039  -0.445452	0.6 0.3 0.5	 0.0225252   0.972989 -0.0704376
0.415272	-0.0196925  -0.303039  -0.445452	0.6 0.3 0.5	 0.0225252   0.972989 -0.0704376
0.416272	-0.0196925  -0.303039  -0.445452	0.6 0.3 0.5	 0.0225252   0.972989 -0.0704376
0.417272	-0.0196925  -0.303039  -0.445452	0.6 0.3 0.5	 0.0225252   0.972989 -0.0704376
0.418272	-0.0196925  -0.303039  -0.445452	0.6 0.3 0.5	 0.0225252   0.972989 -0.0704376
0.419272	-0.0196925  -0.303039  -0.445452	0.6 0.3 0.5	 0.0225252   0.972989 -0.0704376
0.420272	-0.0196925  -0.303039  -0.445452	0.6 0.3 0.5	 0.0225252   0.972989 -0.0704376
0.421272	-0.0196925  -0.303039  -0.445452	0.6 0.3 0.5	 0.0225252   0.972989 -0.0704376
0.422272	-0.0196925  -0.303039  -0.445452	0.6 0.3 0.5	 0.0225252   0.972989 -0.0704376
0.423272	-0.0196925  -0.303039  -0.445452	0.6 0.3 0.5	 0.0225252   0.972989 -0.0704376
0.424272	-0.0196925  -0.303039  -0.445452	0.6 0.3 0.5	 0.0225252   0.972989 -0.0704376
0.425272	-0.0196925  -0.303039  -0.445452	0.6 0.3 0.5	 0.0225252   0.972989 -0.0704376
0.426272	-0.0196925  -0.303039  -0.445452	0.6 0.3 0.5	 0.0225252   0.972989 -0.0704376
0.427272	-0.0196925  -0.303039  -0.445452	0.6 0.3 0.5	 0.0225252   0.972989 -0.0704376
0.428272	-0.0196925  -0.303039  -0.445452	0.6 0.3 0.5	 0.0225252   0.972989 -0.0704376
0.429272	-0.0196925  -0.303039  -0.445452	0.6 0.3 0.5	 0.0225252   0.972989 -0.0704376
0.430272	-0.0196925  -0.303039  -0.445452	0.6 0.3 0.5	 0.0225252   0.972989 -0.0704376
0.431272	-0.0196925  -0.303039  -0.445452	0.6 0.3 0.5	 0.0225252   0.972989 -0.0704376
0.432272	-0.0196925  -0.303039  -0.445452	0.6 0.3 0.5	 0.0225252   0.972989 -0.0704376
0.433272	-0.0196925  -0.303039  -0.445452	0.6 0.3 0.5	 0.0225252   0.972989 -0.0704376
0.434272	-0.0196925  -0.303039  -0.445452	0.6 0.3 0.5	 0.0225252   0.972989 -0.0704376
0.435272	-0.0196925  -0.303039  -0.445452	0.6 0.3 0.5	 0.0225252   0.972989 -0.0704376
0.436272	-0.0196925  -0.303039  -0.445452	0.6 0.3 0.5	 0.0225252   0.972989 -0.0704376
0.437272	-0.0196925  -0.303039  -0.445452	0.6 0.3 0.5	 0.0225252   0.972989 -0.0704376
0.438272	-0.0196925  -0.303039  -0.445452	0.6 0.3 0.5	 0.0225252   0.972989 -0.0704376
0.439272	-0.0196925  -0.303039  -0.445452	0.6 0.3 0.5	 0.0225252   0.972989 -0.0704376
0.440272	-0.0196925  -0.303039  -0.445452	0.6 0.3 0.5	 0.0225252   0.972989 -0.0704376
0.441272	-0.0196925  -0.303039  -0.445452	0.6 0.3 0.5	 0.0225252   0.972989 -0.0704376
0.442272	-0.0196925  -0.303039  -0.445452	0.6 0.3 0.5	 0.0225252   0.972989 -0.0704376
0.443272	-0.0196925  -0.303039  -0.445452	0.6 0.3 0.5	 0.0225252   0.972989 -0.0704376
0.444272	-0.0196925  -0.303039  -0.445452	0.6 0.3 0.5	 0.0225252   0.972989 -0.0704376
0.445272	-0.0196925  -0.303039  -0.445452	0.6 0.3 0.5	 0.0225252   0.972989 -0.0704376
0.446272	-0.0196925  -0.303039  -0.445452	0.6 0.3 0.5	 0.0225252   0.972989 -0.0704376
0.447272	-0.0196925  -0.303039  -0.445452	0.6 0.3 0.5	 0.0225252   0.972989 -0.0704376
0.448272	-0.0196925  -0.303039  -0.445452	0.6 0.3 0.5	 0.0225252   0.972989 -0.0704376
0.449272	-0.0196925  -0.303039  -0.445452	0.6 0.3 0.5	 0.0225252   0.972989 -0.0704376
0.450272	-0.0196925  -0.303039  -0.445452	0.6 0.3 0.5	 0.0225252   0.972989 -0.0704376
0.451272	-0.0196925  -0.303039  -0.445452	0.6 0.3 0.5	 0.0225252   0.972989 -0.0704376
0.452272	-0.0196925  -0.303039  -0.445452	0.6 0.3 0.5	 0.0225252   0.972989 -0.0704376
0.453272	-0.0196925  -0.303039  -0.445452	0.6 0.3 0.5	 0.0225252   0.972989 -0.0704376
0.454272	-0.0196925  -0.303039  -0.445452	0.6 0.3 0.5	 0.0225252   0.972989 -0.0704376
0.455272	-0.0196925  -0.303039  -0.445452	0.6 0.3 0.5	 0.0225252   0.972989 -0.0704376
0.456272	-0.0196925  -0.303039  -0.445452	0.6 0.3 0.5	 0.0225252   0.972989 -0.0704376
0.457272	-0.0196925  -0.303039  -0.445452	0.6 0.3 0.5	 0.0225252   0.972989 -0.0704376
0.458272	-0.0196925  -0.303039  -0.445452	0.6 0.3 0.5	 0.0225252   0.972989 -0.0704376
0.459272	-0.0196925  -0.303039  -0.445452	0.6 0.3 0.5	 0.0225252   0.972989 -0.0704376
0.460272	-0.0196925  -0.303039  -0.445452	0.6 0.3 0.5	 0.0225252   0.972989 -0.0704376
0.461272	-0.0196925  -0.303039  -0.445452	0.6 0.3 0.5	 0.0225252   0.972989 -0.0704376
0.462272	-0.0196925  -0.303039  -0.445452	0.6 0.3 0.5	 0.0225252   0.972989 -0.0704376
0.463272	-0.0196925  -0.303039  -0.445452	0.6 0.3 0.5	 0.0225252   0.972989 -0.0704376
0.464272	-0.0196925  -0.303039  -0.445452	0.6 0.3 0.5	 0.0225252   0.972989 -0.0704376
0.465272	-0.0196925  -0.303039  -0.445452	0.6 0.3 0.5	 0.0225252   0.972989 -0.0704376
0.466272	-0.0196925  -0.303039  -0.445452	0.6 0.3 0.5	 0.0225252   0.972989 -0.0704376
0.467272	-0.0196925  -0.303039  -0.445452	0.6 0.3 0.5	 0.0225252   0.972989 -0.0704376
0.468272	-0.0196925  -0.303039  -0.445452	0.6 0.3 0.5	 0.0225252   0.972989 -0.0704376
0.469272	-0.0196925  -0.303039  -0.445452	0.6 0.3 0.5	 0.0225252   0.972989 -0.0704376
0.470272	-0.0196925  -0.303039  -0.445452	0.6 0.3 0.5	 0.0225252   0.972989 -0.0704376
0.471272	-0.0196925  -0.303039  -0.445452	0.6 0.3 0.5	 0.0225252   0.972989 -0.0704376
0.472272	-0.0196925  -0.303039  -0.445452	0.6 0.3 0.5	 0.0225252   0.972989 -0.0704376
0.473272	-0.0196925  -0.303039  -0.445452	0.6 0.3 0.5	 0.0225252   0.972989 -0.0704376
0.474272	-0.0196925  -0.303039  -0.445452	0.6 0.3 0.5	 0.0225252   0.972989 -0.0704376
0.475272	-0.0196925  -0.303039  -0.445452	0.6 0.3 0.5	 0.0225252   0.972989 -0.0704376
0.476272	-0.0196925  -0.303039  -0.445452	0.6 0.3 0.5	 0.0225252   0.972989 -0.0704376
0.477272	-0.0196925  -0.303039  -0.445452	0.6 0.3 0.5	 0.0225252   0.972989 -0.0704376
0.478272	-0.0196925  -0.303039  -0.445452	0.6 0.3 0.5	 0.0225252   0.972989 -0.0704376
0.479272	-0.0196925  -0.303039  -0.445452	0.6 0.3 0.5	 0.0225252   0.972989 -0.0704376
0.480272	-0.0196925  -0.303039  -0.445452	0.6 0.3 0.5	 0.0225252   0.972989 -0.0704376
0.481272	-0.0196925  -0.303039  -0.445452	0.6 0.3 0.5	 0.0225252   0.972989 -0.0704376
0.482272	-0.0196925  -0.303039  -0.445452	0.6 0.3 0.5	 0.0225252   0.972989 -0.0704376
0.483272	-0.0196925  -0.303039  -0.445452	0.6 0.3 0.5	 0.0225252   0.972989 -0.0704376
0.484272	-0.0196925  -0.303039  -0.445452	0.6 0.3 0.5	 0.0225252   0.972989 -0.0704376
0.485272	-0.0196925  -0.303039  -0.445452	0.6 0.3 0.5	 0.0225252   0.972989 -0.0704376
0.486272	-0.0196925  -0.303039  -0.445452	0.6 0.3 0.5	 0.0225252   0.972989 -0.0704376
0.487272	-0.0196925  -0.303039  -0.445452	0.6 0.3 0.5	 0.0225252   0.972989 -0.0704376
0.488272	-0.0196925  -0.303039  -0.445452	0.6 0.3 0.5	 0.0225252   0.972989 -0.0704376
0.489272	-0.0196925  -0.303039  -0.445452	0.6 0.3 0.5	 0.0225252   0.972989 -0.0704376
0.490272	-0.0196925  -0.303039  -0.445452	0.6 0.3 0.5	 0.0225252   0.972989 -0.0704376
0.491272	-0.0196925  -0.303039  -0.445452	0.6 0.3 0.5	 0.0225252   0.972989 -0.0704376
0.492272	-0.0196925  -0.303039  -0.445452	0.6 0.3 0.5	 0.0225252   0.972989 -0.0704376
0.494476	-0.0196925  -0.303039  -0.445452	0.6 0.3 0.5	 0.0225252   0.972989 -0.0704376
0.495476	-0.0196925  -0.303039  -0.445452	0.6 0.3 0.5	 0.0225252   0.972989 -0.0704376
0.496476	-0.0196925  -0.303039  -0.445452	0.6 0.3 0.5	 0.0225252   0.972989 -0.0704376
0.497476	-0.0196925  -0.303039  -0.445452	0.6 0.3 0.5	 0.0225252   0.972989 -0.0704376
0.499097	-0.0196925  -0.303039  -0.445452	0.6 0.3 0.5	 0.0225252   0.972989 -0.0704376
0.500097	-0.0196925  -0.303039  -0.445452	0.6 0.3 0.5	 0.0225252   0.972989 -0.0704376
0.501097	-0.0196925  -0.303039  -0.445452	0.6 0.3 0.5	 0.0225252   0.972989 -0.0704376
0.502097	-0.0196925  -0.303039  -0.445452	0.6 0.3 0.5	 0.0225252   0.972989 -0.0704376
0.503097	-0.0196925  -0.303039  -0.445452	0.6 0.3 0.5	 0.0225252   0.972989 -0.0704376
0.504097	-0.0196925  -0.303039  -0.445452	0.6 0.3 0.5	 0.0225252   0.972989 -0.0704376
0.505097	-0.0196925  -0.303039  -0.445452	0.6 0.3 0.5	 0.0225252   0.972989 -0.0704376
0.506097	-0.0196925  -0.303039  -0.445452	0.6 0.3 0.5	 0.0225252   0.972989 -0.0704376
0.507097	-0.0196925  -0.303039  -0.445452	0.6 0.3 0.5	 0.0225252   0.972989 -0.0704376
0.508097	-0.0196925  -0.303039  -0.445452	0.6 0.3 0.5	 0.0225252   0.972989 -0.0704376
0.509097	-0.0196925  -0.303039  -0.445452	0.6 0.3 0.5	 0.0225252   0.972989 -0.0704376
0.510097	-0.0196925  -0.303039  -0.445452	0.6 0.3 0.5	 0.0225252   0.972989 -0.0704376
0.511097	-0.0196925  -0.303039  -0.445452	0.6 0.3 0.5	 0.0225252   0.972989 -0.0704376
0.512097	-0.0196925  -0.303039  -0.445452	0.6 0.3 0.5	 0.0225252   0.972989 -0.0704376
0.513097	-0.0196925  -0.303039  -0.445452	0.6 0.3 0.5	 0.0225252   0.972989 -0.0704376
0.514097	-0.0196925  -0.303039  -0.445452	0.6 0.3 0.5	 0.0225252   0.972989 -0.0704376
0.515097	-0.0196925  -0.303039  -0.445452	0.6 0.3 0.5	 0.0225252   0.972989 -0.0704376
0.516097	-0.0196925  -0.303039  -0.445452	0.6 0.3 0.5	 0.0225252   0.972989 -0.0704376
0.517097	-0.0196925  -0.303039  -0.445452	0.6 0.3 0.5	 0.0225252   0.972989 -0.0704376
0.518097	-0.0196925  -0.303039  -0.445452	0.6 0.3 0.5	 0.0225252   0.972989 -0.0704376
0.519097	-0.0196925  -0.303039  -0.445452	0.6 0.3 0.5	 0.0225252   0.972989 -0.0704376
0.520097	-0.0196925  -0.303039  -0.445452	0.6 0.3 0.5	 0.0225252   0.972989 -0.0704376
0.521097	-0.0196925  -0.303039  -0.445452	0.6 0.3 0.5	 0.0225252   0.972989 -0.0704376
0.522097	-0.0196925  -0.303039  -0.445452	0.6 0.3 0.5	 0.0225252   0.972989 -0.0704376
0.523097	-0.0196925  -0.303039  -0.445452	0.6 0.3 0.5	 0.0225252   0.972989 -0.0704376
0.524097	-0.0196925  -0.303039  -0.445452	0.6 0.3 0.5	 0.0225252   0.972989 -0.0704376
0.525097	-0.0196925  -0.303039  -0.445452	0.6 0.3 0.5	 0.0225252   0.972989 -0.0704376
0.526097	-0.0196925  -0.303039  -0.445452	0.6 0.3 0.5	 0.0225252   0.972989 -0.0704376
0.527097	-0.0196925  -0.303039  -0.445452	0.6 0.3 0.5	 0.0225252   0.972989 -0.0704376
0.528097	-0.0196925  -0.303039  -0.445452	0.6 0.3 0.5	 0.0225252   0.972989 -0.0704376
0.529097	-0.0196925  -0.303039  -0.445452	0.6 0.3 0.5	 0.0225252   0.972989 -0.0704376
0.530097	-0.0196925  -0.303039  -0.445452	0.6 0.3 0.5	 0.0225252   0.972989 -0.0704376
0.531097	-0.0196925  -0.303039  -0.445452	0.6 0.3 0.5	 0.0225252   0.972989 -0.0704376
0.532097	-0.0196925  -0.303039  -0.445452	0.6 0.3 0.5	 0.0225252   0.972989 -0.0704376
0.533097	-0.0196925  -0.303039  -0.445452	0.6 0.3 0.5	 0.0225252   0.972989 -0.0704376
0.534097	-0.0196925  -0.303039  -0.445452	0.6 0.3 0.5	 0.0225252   0.972989 -0.0704376
0.535097	-0.0196925  -0.303039  -0.445452	0.6 0.3 0.5	 0.0225252   0.972989 -0.0704376
0.536097	-0.0196925  -0.303039  -0.445452	0.6 0.3 0.5	 0.0225252   0.972989 -0.0704376
0.537097	-0.0196925  -0.303039  -0.445452	0.6 0.3 0.5	 0.0225252   0.972989 -0.0704376
0.538097	-0.0196925  -0.303039  -0.445452	0.6 0.3 0.5	 0.0225252   0.972989 -0.0704376
0.539097	-0.0196925  -0.303039  -0.445452	0.6 0.3 0.5	 0.0225252   0.972989 -0.0704376
0.540097	-0.0196925  -0.303039  -0.445452	0.6 0.3 0.5	 0.0225252   0.972989 -0.0704376
0.541097	-0.0196925  -0.303039  -0.445452	0.6 0.3 0.5	 0.0225252   0.972989 -0.0704376
0.542097	-0.0196925  -0.303039  -0.445452	0.6 0.3 0.5	 0.0225252   0.972989 -0.0704376
0.543097	-0.0196925  -0.303039  -0.445452	0.6 0.3 0.5	 0.0225252   0.972989 -0.0704376
0.544097	-0.0196925  -0.303039  -0.445452	0.6 0.3 0.5	 0.0225252   0.972989 -0.0704376
0.545097	-0.0196925  -0.303039  -0.445452	0.6 0.3 0.5	 0.0225252   0.972989 -0.0704376
0.546097	-0.0196925  -0.303039  -0.445452	0.6 0.3 0.5	 0.0225252   0.972989 -0.0704376
0.547097	-0.0196925  -0.303039  -0.445452	0.6 0.3 0.5	 0.0225252   0.972989 -0.0704376
0.548097	-0.0196925  -0.303039  -0.445452	0.6 0.3 0.5	 0.0225252   0.972989 -0.0704376
0.549097	-0.0196925  -0.303039  -0.445452	0.6 0.3 0.5	 0.0225252   0.972989 -0.0704376
0.550097	-0.0196925  -0.303039  -0.445452	0.6 0.3 0.5	 0.0225252   0.972989 -0.0704376
0.551097	-0.0196925  -0.303039  -0.445452	0.6 0.3 0.5	 0.0225252   0.972989 -0.0704376
0.552097	-0.0196925  -0.303039  -0.445452	0.6 0.3 0.5	 0.0225252   0.972989 -0.0704376
0.553097	-0.0196925  -0.303039  -0.445452	0.6 0.3 0.5	 0.0225252   0.972989 -0.0704376
0.554097	-0.0196925  -0.303039  -0.445452	0.6 0.3 0.5	 0.0225252   0.972989 -0.0704376
0.555097	-0.0196925  -0.303039  -0.445452	0.6 0.3 0.5	 0.0225252   0.972989 -0.0704376
0.556097	-0.0196925  -0.303039  -0.445452	0.6 0.3 0.5	 0.0225252   0.972989 -0.0704376
0.557097	-0.0196925  -0.303039  -0.445452	0.6 0.3 0.5	 0.0225252   0.972989 -0.0704376
0.558097	-0.0196925  -0.303039  -0.445452	0.6 0.3 0.5	 0.0225252   0.972989 -0.0704376
0.559097	-0.0196925  -0.303039  -0.445452	0.6 0.3 0.5	 0.0225252   0.972989 -0.0704376
0.560097	-0.0196925  -0.303039  -0.445452	0.6 0.3 0.5	 0.0225252   0.972989 -0.0704376
0.561097	-0.0196925  -0.303039  -0.445452	0.6 0.3 0.5	 0.0225252   0.972989 -0.0704376
0.562097	-0.0196925  -0.303039  -0.445452	0.6 0.3 0.5	 0.0225252   0.972989 -0.0704376
0.563097	-0.0196925  -0.303039  -0.445452	0.6 0.3 0.5	 0.0225252   0.972989 -0.0704376
0.564097	-0.0196925  -0.303039  -0.445452	0.6 0.3 0.5	 0.0225252   0.972989 -0.0704376
0.565097	-0.0196925  -0.303039  -0.445452	0.6 0.3 0.5	 0.0225252   0.972989 -0.0704376
0.566097	-0.0196925  -0.303039  -0.445452	0.6 0.3 0.5	 0.0225252   0.972989 -0.0704376
0.567097	-0.0196925  -0.303039  -0.445452	0.6 0.3 0.5	 0.0225252   0.972989 -0.0704376
0.568097	-0.0196925  -0.303039  -0.445452	0.6 0.3 0.5	 0.0225252   0.972989 -0.0704376
0.569097	-0.0196925  -0.303039  -0.445452	0.6 0.3 0.5	 0.0225252   0.972989 -0.0704376
0.570097	-0.0196925  -0.303039  -0.445452	0.6 0.3 0.5	 0.0225252   0.972989 -0.0704376
0.571097	-0.0196925  -0.303039  -0.445452	0.6 0.3 0.5	 0.0225252   0.972989 -0.0704376
0.572097	-0.0196925  -0.303039  -0.445452	0.6 0.3 0.5	 0.0225252   0.972989 -0.0704376
0.573097	-0.0196925  -0.303039  -0.445452	0.6 0.3 0.5	 0.0225252   0.972989 -0.0704376
0.574097	-0.0196925  -0.303039  -0.445452	0.6 0.3 0.5	 0.0225252   0.972989 -0.0704376
0.575097	-0.0196925  -0.303039  -0.445452	0.6 0.3 0.5	 0.0225252   0.972989 -0.0704376
0.576097	-0.0196925  -0.303039  -0.445452	0.6 0.3 0.5	 0.0225252   0.972989 -0.0704376
0.577097	-0.0196925  -0.303039  -0.445452	0.6 0.3 0.5	 0.0225252   0.972989 -0.0704376
0.578424	-0.0196925  -0.303039  -0.445452	0.6 0.3 0.5	 0.0225252   0.972989 -0.0704376
0.579424	-0.0196925  -0.303039  -0.445452	0.6 0.3 0.5	 0.0225252   0.972989 -0.0704376
0.580424	-0.0196925  -0.303039  -0.445452	0.6 0.3 0.5	 0.0225252   0.972989 -0.0704376
0.581424	-0.0196925  -0.303039  -0.445452	0.6 0.3 0.5	 0.0225252   0.972989 -0.0704376
0.582424	-0.0196925  -0.303039  -0.445452	0.6 0.3 0.5	 0.0225252   0.972989 -0.0704376
0.583424	-0.0196925  -0.303039  -0.445452	0.6 0.3 0.5	 0.0225252   0.972989 -0.0704376
0.584424	-0.0196925  -0.303039  -0.445452	0.6 0.3 0.5	 0.0225252   0.972989 -0.0704376
0.585424	-0.0196925  -0.303039  -0.445452	0.6 0.3 0.5	 0.0225252   0.972989 -0.0704376
0.586424	-0.0196925  -0.303039  -0.445452	0.6 0.3 0.5	 0.0225252   0.972989 -0.0704376
0.587424	-0.0196925  -0.303039  -0.445452	0.6 0.3 0.5	 0.0225252   0.972989 -0.0704376
0.588424	-0.0196925  -0.303039  -0.445452	0.6 0.3 0.5	 0.0225252   0.972989 -0.0704376
0.589424	-0.0196925  -0.303039  -0.445452	0.6 0.3 0.5	 0.0225252   0.972989 -0.0704376
0.590424	-0.0196925  -0.303039  -0.445452	0.6 0.3 0.5	 0.0225252   0.972989 -0.0704376
0.591424	-0.0196925  -0.303039  -0.445452	0.6 0.3 0.5	 0.0225252   0.972989 -0.0704376
0.592424	-0.0196925  -0.303039  -0.445452	0.6 0.3 0.5	 0.0225252   0.972989 -0.0704376
0.593424	-0.0196925  -0.303039  -0.445452	0.6 0.3 0.5	 0.0225252   0.972989 -0.0704376
0.594424	-0.0196925  -0.303039  -0.445452	0.6 0.3 0.5	 0.0225252   0.972989 -0.0704376
0.595424	-0.0196925  -0.303039  -0.445452	0.6 0.3 0.5	 0.0225252   0.972989 -0.0704376
0.596424	-0.0196925  -0.303039  -0.445452	0.6 0.3 0.5	 0.0225252   0.972989 -0.0704376
0.597424	-0.0196925  -0.303039  -0.445452	0.6 0.3 0.5	 0.0225252   0.972989 -0.0704376
0.598424	-0.0196925  -0.303039  -0.445452	0.6 0.3 0.5	 0.0225252   0.972989 -0.0704376
0.599424	-0.0196925  -0.303039  -0.445452	0.6 0.3 0.5	 0.0225252   0.972989 -0.0704376
0.600424	-0.0196925  -0.303039  -0.445452	0.6 0.3 0.5	 0.0225252   0.972989 -0.0704376
0.601424	-0.0196925  -0.303039  -0.445452	0.6 0.3 0.5	 0.0225252   0.972989 -0.0704376
0.602424	-0.0196925  -0.303039  -0.445452	0.6 0.3 0.5	 0.0225252   0.972989 -0.0704376
0.603424	-0.0196925  -0.303039  -0.445452	0.6 0.3 0.5	 0.0225252   0.972989 -0.0704376
0.604424	-0.0196925  -0.303039  -0.445452	0.6 0.3 0.5	 0.0225252   0.972989 -0.0704376
0.605424	-0.0196925  -0.303039  -0.445452	0.6 0.3 0.5	 0.0225252   0.972989 -0.0704376
0.606424	-0.0196925  -0.303039  -0.445452	0.6 0.3 0.5	 0.0225252   0.972989 -0.0704376
0.607424	-0.0196925  -0.303039  -0.445452	0.6 0.3 0.5	 0.0225252   0.972989 -0.0704376
0.608424	-0.0196925  -0.303039  -0.445452	0.6 0.3 0.5	 0.0225252   0.972989 -0.0704376
0.609424	-0.0196925  -0.303039  -0.445452	0.6 0.3 0.5	 0.0225252   0.972989 -0.0704376
0.612437	-0.0196925  -0.303039  -0.445452	0.6 0.3 0.5	 0.0225252   0.972989 -0.0704376
0.613437	-0.0196925  -0.303039  -0.445452	0.6 0.3 0.5	 0.0225252   0.972989 -0.0704376
0.614437	-0.0196925  -0.303039  -0.445452	0.6 0.3 0.5	 0.0225252   0.972989 -0.0704376
0.615437	-0.0196925  -0.303039  -0.445452	0.6 0.3 0.5	 0.0225252   0.972989 -0.0704376
0.616437	-0.0196925  -0.303039  -0.445452	0.6 0.3 0.5	 0.0225252   0.972989 -0.0704376
0.617437	-0.0196925  -0.303039  -0.445452	0.6 0.3 0.5	 0.0225252   0.972989 -0.0704376
0.618437	-0.0196925  -0.303039  -0.445452	0.6 0.3 0.5	 0.0225252   0.972989 -0.0704376
0.619437	-0.0196925  -0.303039  -0.445452	0.6 0.3 0.5	 0.0225252   0.972989 -0.0704376
0.620437	-0.0196925  -0.303039  -0.445452	0.6 0.3 0.5	 0.0225252   0.972989 -0.0704376
0.621437	-0.0196925  -0.303039  -0.445452	0.6 0.3 0.5	 0.0225252   0.972989 -0.0704376
0.622437	-0.0196925  -0.303039  -0.445452	0.6 0.3 0.5	 0.0225252   0.972989 -0.0704376
0.623437	-0.0196925  -0.303039  -0.445452	0.6 0.3 0.5	 0.0225252   0.972989 -0.0704376
0.624437	-0.0196925  -0.303039  -0.445452	0.6 0.3 0.5	 0.0225252   0.972989 -0.0704376
0.625437	-0.0196925  -0.303039  -0.445452	0.6 0.3 0.5	 0.0225252   0.972989 -0.0704376
0.626437	-0.0196925  -0.303039  -0.445452	0.6 0.3 0.5	 0.0225252   0.972989 -0.0704376
0.627437	-0.0196925  -0.303039  -0.445452	0.6 0.3 0.5	 0.0225252   0.972989 -0.0704376
0.628437	-0.0196925  -0.303039  -0.445452	0.6 0.3 0.5	 0.0225252   0.972989 -0.0704376
0.629437	-0.0196925  -0.303039  -0.445452	0.6 0.3 0.5	 0.0225252   0.972989 -0.0704376
0.630437	-0.0196925  -0.303039  -0.445452	0.6 0.3 0.5	 0.0225252   0.972989 -0.0704376
0.631437	-0.0196925  -0.303039  -0.445452	0.6 0.3 0.5	 0.0225252   0.972989 -0.0704376
0.632437	-0.0196925  -0.303039  -0.445452	0.6 0.3 0.5	 0.0225252   0.972989 -0.0704376
0.633437	-0.0196925  -0.303039  -0.445452	0.6 0.3 0.5	 0.0225252   0.972989 -0.0704376
0.634437	-0.0196925  -0.303039  -0.445452	0.6 0.3 0.5	 0.0225252   0.972989 -0.0704376
0.635437	-0.0196925  -0.303039  -0.445452	0.6 0.3 0.5	 0.0225252   0.972989 -0.0704376
0.636437	-0.0196925  -0.303039  -0.445452	0.6 0.3 0.5	 0.0225252   0.972989 -0.0704376
0.637437	-0.0196925  -0.303039  -0.445452	0.6 0.3 0.5	 0.0225252   0.972989 -0.0704376
0.638437	-0.0196925  -0.303039  -0.445452	0.6 0.3 0.5	 0.0225252   0.972989 -0.0704376
0.639437	-0.0196925  -0.303039  -0.445452	0.6 0.3 0.5	 0.0225252   0.972989 -0.0704376
0.640437	-0.0196925  -0.303039  -0.445452	0.6 0.3 0.5	 0.0225252   0.972989 -0.0704376
0.641437	-0.0196925  -0.303039  -0.445452	0.6 0.3 0.5	 0.0225252   0.972989 -0.0704376
0.642437	-0.0196925  -0.303039  -0.445452	0.6 0.3 0.5	 0.0225252   0.972989 -0.0704376
0.643437	-0.0196925  -0.303039  -0.445452	0.6 0.3 0.5	 0.0225252   0.972989 -0.0704376
0.644437	-0.0196925  -0.303039  -0.445452	0.6 0.3 0.5	 0.0225252   0.972989 -0.0704376
0.645437	-0.0196925  -0.303039  -0.445452	0.6 0.3 0.5	 0.0225252   0.972989 -0.0704376
0.646437	-0.0196925  -0.303039  -0.445452	0.6 0.3 0.5	 0.0225252   0.972989 -0.0704376
0.647437	-0.0196925  -0.303039  -0.445452	0.6 0.3 0.5	 0.0225252   0.972989 -0.0704376
0.648437	-0.0196925  -0.303039  -0.445452	0.6 0.3 0.5	 0.0225252   0.972989 -0.0704376
0.649437	-0.0196925  -0.303039  -0.445452	0.6 0.3 0.5	 0.0225252   0.972989 -0.0704376
0.650437	-0.0196925  -0.303039  -0.445452	0.6 0.3 0.5	 0.0225252   0.972989 -0.0704376
0.651437	-0.0196925  -0.303039  -0.445452	0.6 0.3 0.5	 0.0225252   0.972989 -0.0704376
0.652437	-0.0196925  -0.303039  -0.445452	0.6 0.3 0.5	 0.0225252   0.972989 -0.0704376
0.653437	-0.0196925  -0.303039  -0.445452	0.6 0.3 0.5	 0.0225252   0.972989 -0.0704376
0.654437	-0.0196925  -0.303039  -0.445452	0.6 0.3 0.5	 0.0225252   0.972989 -0.0704376
0.655437	-0.0196925  -0.303039  -0.445452	0.6 0.3 0.5	 0.0225252   0.972989 -0.0704376
0.656437	-0.0196925  -0.303039  -0.445452	0.6 0.3 0.5	 0.0225252   0.972989 -0.0704376
0.657437	-0.0196925  -0.303039  -0.445452	0.6 0.3 0.5	 0.0225252   0.972989 -0.0704376
0.658437	-0.0196925  -0.303039  -0.445452	0.6 0.3 0.5	 0.0225252   0.972989 -0.0704376
0.659437	-0.0196925  -0.303039  -0.445452	0.6 0.3 0.5	 0.0225252   0.972989 -0.0704376
0.660437	-0.0196925  -0.303039  -0.445452	0.6 0.3 0.5	 0.0225252   0.972989 -0.0704376
0.661437	-0.0196925  -0.303039  -0.445452	0.6 0.3 0.5	 0.0225252   0.972989 -0.0704376
0.662437	-0.0196925  -0.303039  -0.445452	0.6 0.3 0.5	 0.0225252   0.972989 -0.0704376
0.663437	-0.0196925  -0.303039  -0.445452	0.6 0.3 0.5	 0.0225252   0.972989 -0.0704376
0.664437	-0.0196925  -0.303039  -0.445452	0.6 0.3 0.5	 0.0225252   0.972989 -0.0704376
0.665437	-0.0196925  -0.303039  -0.445452	0.6 0.3 0.5	 0.0225252   0.972989 -0.0704376
0.666437	-0.0196925  -0.303039  -0.445452	0.6 0.3 0.5	 0.0225252   0.972989 -0.0704376
0.667437	-0.0196925  -0.303039  -0.445452	0.6 0.3 0.5	 0.0225252   0.972989 -0.0704376
0.668437	-0.0196925  -0.303039  -0.445452	0.6 0.3 0.5	 0.0225252   0.972989 -0.0704376
0.669437	-0.0196925  -0.303039  -0.445452	0.6 0.3 0.5	 0.0225252   0.972989 -0.0704376
0.670437	-0.0196925  -0.303039  -0.445452	0.6 0.3 0.5	 0.0225252   0.972989 -0.0704376
0.671437	-0.0196925  -0.303039  -0.445452	0.6 0.3 0.5	 0.0225252   0.972989 -0.0704376
0.672437	-0.0196925  -0.303039  -0.445452	0.6 0.3 0.5	 0.0225252   0.972989 -0.0704376
0.673437	-0.0196925  -0.303039  -0.445452	0.6 0.3 0.5	 0.0225252   0.972989 -0.0704376
0.674437	-0.0196925  -0.303039  -0.445452	0.6 0.3 0.5	 0.0225252   0.972989 -0.0704376
0.675437	-0.0196925  -0.303039  -0.445452	0.6 0.3 0.5	 0.0225252   0.972989 -0.0704376
0.676437	-0.0196925  -0.303039  -0.445452	0.6 0.3 0.5	 0.0225252   0.972989 -0.0704376
0.677437	-0.0196925  -0.303039  -0.445452	0.6 0.3 0.5	 0.0225252   0.972989 -0.0704376
0.678437	-0.0196925  -0.303039  -0.445452	0.6 0.3 0.5	 0.0225252   0.972989 -0.0704376
0.679437	-0.0196925  -0.303039  -0.445452	0.6 0.3 0.5	 0.0225252   0.972989 -0.0704376
0.680437	-0.0196925  -0.303039  -0.445452	0.6 0.3 0.5	 0.0225252   0.972989 -0.0704376
0.681437	-0.0196925  -0.303039  -0.445452	0.6 0.3 0.5	 0.0225252   0.972989 -0.0704376
0.682437	-0.0196925  -0.303039  -0.445452	0.6 0.3 0.5	 0.0225252   0.972989 -0.0704376
0.683437	-0.0196925  -0.303039  -0.445452	0.6 0.3 0.5	 0.0225252   0.972989 -0.0704376
0.684437	-0.0196925  -0.303039  -0.445452	0.6 0.3 0.5	 0.0225252   0.972989 -0.0704376
0.685437	-0.0196925  -0.303039  -0.445452	0.6 0.3 0.5	 0.0225252   0.972989 -0.0704376
0.686437	-0.0196925  -0.303039  -0.445452	0.6 0.3 0.5	 0.0225252   0.972989 -0.0704376
0.687437	-0.0196925  -0.303039  -0.445452	0.6 0.3 0.5	 0.0225252   0.972989 -0.0704376
0.688437	-0.0196925  -0.303039  -0.445452	0.6 0.3 0.5	 0.0225252   0.972989 -0.0704376
0.689437	-0.0196925  -0.303039  -0.445452	0.6 0.3 0.5	 0.0225252   0.972989 -0.0704376
0.690437	-0.0196925  -0.303039  -0.445452	0.6 0.3 0.5	 0.0225252   0.972989 -0.0704376
0.691437	-0.0196925  -0.303039  -0.445452	0.6 0.3 0.5	 0.0225252   0.972989 -0.0704376
0.692437	-0.0196925  -0.303039  -0.445452	0.6 0.3 0.5	 0.0225252   0.972989 -0.0704376
0.693437	-0.0196925  -0.303039  -0.445452	0.6 0.3 0.5	 0.0225252   0.972989 -0.0704376
0.694437	-0.0196925  -0.303039  -0.445452	0.6 0.3 0.5	 0.0225252   0.972989 -0.0704376
0.697458	-0.0196925  -0.303039  -0.445452	0.6 0.3 0.5	 0.0225252   0.972989 -0.0704376
0.698458	-0.0196925  -0.303039  -0.445452	0.6 0.3 0.5	 0.0225252   0.972989 -0.0704376
0.699458	-0.0196925  -0.303039  -0.445452	0.6 0.3 0.5	 0.0225252   0.972989 -0.0704376
0.700458	-0.0196925  -0.303039  -0.445452	0.6 0.3 0.5	 0.0225252   0.972989 -0.0704376
0.701458	-0.0196925  -0.303039  -0.445452	0.6 0.3 0.5	 0.0225252   0.972989 -0.0704376
0.702458	-0.0196925  -0.303039  -0.445452	0.6 0.3 0.5	 0.0225252   0.972989 -0.0704376
0.703458	-0.0196925  -0.303039  -0.445452	0.6 0.3 0.5	 0.0225252   0.972989 -0.0704376
0.704458	-0.0196925  -0.303039  -0.445452	0.6 0.3 0.5	 0.0225252   0.972989 -0.0704376
0.705458	-0.0196925  -0.303039  -0.445452	0.6 0.3 0.5	 0.0225252   0.972989 -0.0704376
0.706458	-0.0196925  -0.303039  -0.445452	0.6 0.3 0.5	 0.0225252   0.972989 -0.0704376
0.707458	-0.0196925  -0.303039  -0.445452	0.6 0.3 0.5	 0.0225252   0.972989 -0.0704376
0.708458	-0.0196925  -0.303039  -0.445452	0.6 0.3 0.5	 0.0225252   0.972989 -0.0704376
0.709458	-0.0196925  -0.303039  -0.445452	0.6 0.3 0.5	 0.0225252   0.972989 -0.0704376
0.710458	-0.0196925  -0.303039  -0.445452	0.6 0.3 0.5	 0.0225252   0.972989 -0.0704376
0.711458	-0.0196925  -0.303039  -0.445452	0.6 0.3 0.5	 0.0225252   0.972989 -0.0704376
0.712458	-0.0196925  -0.303039  -0.445452	0.6 0.3 0.5	 0.0225252   0.972989 -0.0704376
0.713458	-0.0196925  -0.303039  -0.445452	0.6 0.3 0.5	 0.0225252   0.972989 -0.0704376
0.714458	-0.0196925  -0.303039  -0.445452	0.6 0.3 0.5	 0.0225252   0.972989 -0.0704376
0.715458	-0.0196925  -0.303039  -0.445452	0.6 0.3 0.5	 0.0225252   0.972989 -0.0704376
0.716458	-0.0196925  -0.303039  -0.445452	0.6 0.3 0.5	 0.0225252   0.972989 -0.0704376
0.717458	-0.0196925  -0.303039  -0.445452	0.6 0.3 0.5	 0.0225252   0.972989 -0.0704376
0.718458	-0.0196925  -0.303039  -0.445452	0.6 0.3 0.5	 0.0225252   0.972989 -0.0704376
0.719458	-0.0196925  -0.303039  -0.445452	0.6 0.3 0.5	 0.0225252   0.972989 -0.0704376
0.720458	-0.0196925  -0.303039  -0.445452	0.6 0.3 0.5	 0.0225252   0.972989 -0.0704376
0.721458	-0.0196925  -0.303039  -0.445452	0.6 0.3 0.5	 0.0225252   0.972989 -0.0704376
0.722458	-0.0196925  -0.303039  -0.445452	0.6 0.3 0.5	 0.0225252   0.972989 -0.0704376
0.723458	-0.0196925  -0.303039  -0.445452	0.6 0.3 0.5	 0.0225252   0.972989 -0.0704376
0.724458	-0.0196925  -0.303039  -0.445452	0.6 0.3 0.5	 0.0225252   0.972989 -0.0704376
0.725458	-0.0196925  -0.303039  -0.445452	0.6 0.3 0.5	 0.0225252   0.972989 -0.0704376
0.726458	-0.0196925  -0.303039  -0.445452	0.6 0.3 0.5	 0.0225252   0.972989 -0.0704376
0.727458	-0.0196925  -0.303039  -0.445452	0.6 0.3 0.5	 0.0225252   0.972989 -0.0704376
0.729599	-0.0196925  -0.303039  -0.445452	0.6 0.3 0.5	 0.0225252   0.972989 -0.0704376
0.730599	-0.0196925  -0.303039  -0.445452	0.6 0.3 0.5	 0.0225252   0.972989 -0.0704376
0.731599	-0.0196925  -0.303039  -0.445452	0.6 0.3 0.5	 0.0225252   0.972989 -0.0704376
0.732599	-0.0196925  -0.303039  -0.445452	0.6 0.3 0.5	 0.0225252   0.972989 -0.0704376
0.733599	-0.0196925  -0.303039  -0.445452	0.6 0.3 0.5	 0.0225252   0.972989 -0.0704376
0.734599	-0.0196925  -0.303039  -0.445452	0.6 0.3 0.5	 0.0225252   0.972989 -0.0704376
0.735599	-0.0196925  -0.303039  -0.445452	0.6 0.3 0.5	 0.0225252   0.972989 -0.0704376
0.736599	-0.0196925  -0.303039  -0.445452	0.6 0.3 0.5	 0.0225252   0.972989 -0.0704376
0.737599	-0.0196925  -0.303039  -0.445452	0.6 0.3 0.5	 0.0225252   0.972989 -0.0704376
0.738599	-0.0196925  -0.303039  -0.445452	0.6 0.3 0.5	 0.0225252   0.972989 -0.0704376
0.739599	-0.0196925  -0.303039  -0.445452	0.6 0.3 0.5	 0.0225252   0.972989 -0.0704376
0.740599	-0.0196925  -0.303039  -0.445452	0.6 0.3 0.5	 0.0225252   0.972989 -0.0704376
0.741599	-0.0196925  -0.303039  -0.445452	0.6 0.3 0.5	 0.0225252   0.972989 -0.0704376
0.742599	-0.0196925  -0.303039  -0.445452	0.6 0.3 0.5	 0.0225252   0.972989 -0.0704376
0.743599	-0.0196925  -0.303039  -0.445452	0.6 0.3 0.5	 0.0225252   0.972989 -0.0704376
0.744599	-0.0196925  -0.303039  -0.445452	0.6 0.3 0.5	 0.0225252   0.972989 -0.0704376
0.745599	-0.0196925  -0.303039  -0.445452	0.6 0.3 0.5	 0.0225252   0.972989 -0.0704376
0.746599	-0.0196925  -0.303039  -0.445452	0.6 0.3 0.5	 0.0225252   0.972989 -0.0704376
0.747599	-0.0196925  -0.303039  -0.445452	0.6 0.3 0.5	 0.0225252   0.972989 -0.0704376
0.748599	-0.0196925  -0.303039  -0.445452	0.6 0.3 0.5	 0.0225252   0.972989 -0.0704376
0.749599	-0.0196925  -0.303039  -0.445452	0.6 0.3 0.5	 0.0225252   0.972989 -0.0704376
0.750599	-0.0196925  -0.303039  -0.445452	0.6 0.3 0.5	 0.0225252   0.972989 -0.0704376
0.751599	-0.0196925  -0.303039  -0.445452	0.6 0.3 0.5	 0.0225252   0.972989 -0.0704376
0.752599	-0.0196925  -0.303039  -0.445452	0.6 0.3 0.5	 0.0225252   0.972989 -0.0704376
0.753599	-0.0196925  -0.303039  -0.445452	0.6 0.3 0.5	 0.0225252   0.972989 -0.0704376
0.754599	-0.0196925  -0.303039  -0.445452	0.6 0.3 0.5	 0.0225252   0.972989 -0.0704376
0.755599	-0.0196925  -0.303039  -0.445452	0.6 0.3 0.5	 0.0225252   0.972989 -0.0704376
0.756599	-0.0196925  -0.303039  -0.445452	0.6 0.3 0.5	 0.0225252   0.972989 -0.0704376
0.757893	-0.0196925  -0.303039  -0.445452	0.6 0.3 0.5	 0.0225252   0.972989 -0.0704376
0.763993	-0.0196925  -0.303039  -0.445452	0.6 0.3 0.5	 0.0225252   0.972989 -0.0704376
0.764993	-0.0196925  -0.303039  -0.445452	0.6 0.3 0.5	 0.0225252   0.972989 -0.0704376
