0	0	-M_PI/2 to M_PI/2
0	0.5	-1.5708
12.5    0    0
   0 2.01    5
   0    5 12.5
0	0.5	-1.55818
12.498      0      0
     0   2.01 4.9996
     0 4.9996   12.5
0	0.5	-1.54556
 12.492       0       0
      0    2.01 4.99841
      0 4.99841    12.5
0	0.5	-1.53295
12.4821       0       0
      0    2.01 4.99642
      0 4.99642    12.5
0	0.5	-1.52033
12.4682       0       0
      0    2.01 4.99363
      0 4.99363    12.5
0	0.5	-1.50771
12.4503       0       0
      0    2.01 4.99005
      0 4.99005    12.5
0	0.5	-1.4951
12.4285       0       0
      0    2.01 4.98568
      0 4.98568    12.5
0	0.5	-1.48248
12.4028       0       0
      0    2.01 4.98051
      0 4.98051    12.5
0	0.5	-1.46986
12.3731       0       0
      0    2.01 4.97455
      0 4.97455    12.5
0	0.5	-1.45724
12.3395       0       0
      0    2.01  4.9678
      0  4.9678    12.5
0	0.5	-1.44463
12.3021       0       0
      0    2.01 4.96026
      0 4.96026    12.5
0	0.5	-1.43201
12.2608       0       0
      0    2.01 4.95192
      0 4.95192    12.5
0	0.5	-1.41939
12.2157       0       0
      0    2.01  4.9428
      0  4.9428    12.5
0	0.5	-1.40678
12.1667       0       0
      0    2.01  4.9329
      0  4.9329    12.5
0	0.5	-1.39416
12.114      0      0
     0   2.01 4.9222
     0 4.9222   12.5
0	0.5	-1.38154
12.0576       0       0
      0    2.01 4.91073
      0 4.91073    12.5
0	0.5	-1.36893
11.9975       0       0
      0    2.01 4.89847
      0 4.89847    12.5
0	0.5	-1.35631
11.9337       0       0
      0    2.01 4.88543
      0 4.88543    12.5
0	0.5	-1.34369
11.8663       0       0
      0    2.01 4.87161
      0 4.87161    12.5
0	0.5	-1.33108
11.7953       0       0
      0    2.01 4.85702
      0 4.85702    12.5
0	0.5	-1.31846
11.7208       0       0
      0    2.01 4.84166
      0 4.84166    12.5
0	0.5	-1.30584
11.6428       0       0
      0    2.01 4.82552
      0 4.82552    12.5
0	0.5	-1.29323
11.5614       0       0
      0    2.01 4.80862
      0 4.80862    12.5
0	0.5	-1.28061
11.4766       0       0
      0    2.01 4.79095
      0 4.79095    12.5
0	0.5	-1.26799
11.3885       0       0
      0    2.01 4.77252
      0 4.77252    12.5
0	0.5	-1.25538
11.2971       0       0
      0    2.01 4.75333
      0 4.75333    12.5
0	0.5	-1.24276
11.2025       0       0
      0    2.01 4.73338
      0 4.73338    12.5
0	0.5	-1.23014
11.1047       0       0
      0    2.01 4.71268
      0 4.71268    12.5
0	0.5	-1.21752
11.0038       0       0
      0    2.01 4.69123
      0 4.69123    12.5
0	0.5	-1.20491
10.8999       0       0
      0    2.01 4.66903
      0 4.66903    12.5
0	0.5	-1.19229
10.7931       0       0
      0    2.01 4.64609
      0 4.64609    12.5
0	0.5	-1.17967
10.6833       0       0
      0    2.01 4.62241
      0 4.62241    12.5
0	0.5	-1.16706
10.5708       0       0
      0    2.01 4.59799
      0 4.59799    12.5
0	0.5	-1.15444
10.4555       0       0
      0    2.01 4.57284
      0 4.57284    12.5
0	0.5	-1.14182
10.3375       0       0
      0    2.01 4.54697
      0 4.54697    12.5
0	0.5	-1.12921
10.2169       0       0
      0    2.01 4.52037
      0 4.52037    12.5
0	0.5	-1.11659
10.0937       0       0
      0    2.01 4.49305
      0 4.49305    12.5
0	0.5	-1.10397
9.96817       0       0
      0    2.01 4.46501
      0 4.46501    12.5
0	0.5	-1.09136
9.84023       0       0
      0    2.01 4.43627
      0 4.43627    12.5
0	0.5	-1.07874
9.71001       0       0
      0    2.01 4.40682
      0 4.40682    12.5
0	0.5	-1.06612
9.57758       0       0
      0    2.01 4.37666
      0 4.37666    12.5
0	0.5	-1.05351
9.44304       0       0
      0    2.01 4.34581
      0 4.34581    12.5
0	0.5	-1.04089
9.30646       0       0
      0    2.01 4.31427
      0 4.31427    12.5
0	0.5	-1.02827
9.16794       0       0
      0    2.01 4.28204
      0 4.28204    12.5
0	0.5	-1.01566
9.02756       0       0
      0    2.01 4.24913
      0 4.24913    12.5
0	0.5	-1.00304
8.88541       0       0
      0    2.01 4.21554
      0 4.21554    12.5
0	0.5	-0.990422
8.74158       0       0
      0    2.01 4.18129
      0 4.18129    12.5
0	0.5	-0.977805
8.59617       0       0
      0    2.01 4.14636
      0 4.14636    12.5
0	0.5	-0.965188
8.44926       0       0
      0    2.01 4.11078
      0 4.11078    12.5
0	0.5	-0.952571
8.30095       0       0
      0    2.01 4.07454
      0 4.07454    12.5
0	0.5	-0.939954
8.15133       0       0
      0    2.01 4.03766
      0 4.03766    12.5
0	0.5	-0.927338
8.00051       0       0
      0    2.01 4.00013
      0 4.00013    12.5
0	0.5	-0.914721
7.84857       0       0
      0    2.01 3.96196
      0 3.96196    12.5
0	0.5	-0.902104
7.69561       0       0
      0    2.01 3.92316
      0 3.92316    12.5
0	0.5	-0.889487
7.54173       0       0
      0    2.01 3.88374
      0 3.88374    12.5
0	0.5	-0.87687
7.38703       0       0
      0    2.01  3.8437
      0  3.8437    12.5
0	0.5	-0.864253
7.23161       0       0
      0    2.01 3.80305
      0 3.80305    12.5
0	0.5	-0.851637
7.07556       0       0
      0    2.01  3.7618
      0  3.7618    12.5
0	0.5	-0.83902
6.91899       0       0
      0    2.01 3.71994
      0 3.71994    12.5
0	0.5	-0.826403
6.76199       0       0
      0    2.01  3.6775
      0  3.6775    12.5
0	0.5	-0.813786
6.60466       0       0
      0    2.01 3.63446
      0 3.63446    12.5
0	0.5	-0.801169
6.44711       0       0
      0    2.01 3.59085
      0 3.59085    12.5
0	0.5	-0.788552
6.28943       0       0
      0    2.01 3.54667
      0 3.54667    12.5
0	0.5	-0.775936
6.13172       0       0
      0    2.01 3.50192
      0 3.50192    12.5
0	0.5	-0.763319
 5.9741       0       0
      0    2.01 3.45662
      0 3.45662    12.5
0	0.5	-0.750702
5.81664       0       0
      0    2.01 3.41076
      0 3.41076    12.5
0	0.5	-0.738085
5.65947       0       0
      0    2.01 3.36436
      0 3.36436    12.5
0	0.5	-0.725468
5.50267       0       0
      0    2.01 3.31743
      0 3.31743    12.5
0	0.5	-0.712851
5.34634       0       0
      0    2.01 3.26997
      0 3.26997    12.5
0	0.5	-0.700235
5.19059       0       0
      0    2.01 3.22199
      0 3.22199    12.5
0	0.5	-0.687618
5.03552       0       0
      0    2.01 3.17349
      0 3.17349    12.5
0	0.5	-0.675001
4.88122       0       0
      0    2.01 3.12449
      0 3.12449    12.5
0	0.5	-0.662384
4.72779       0       0
      0    2.01 3.07499
      0 3.07499    12.5
0	0.5	-0.649767
4.57533       0       0
      0    2.01 3.02501
      0 3.02501    12.5
0	0.5	-0.63715
4.42393       0       0
      0    2.01 2.97454
      0 2.97454    12.5
0	0.5	-0.624533
 4.2737       0       0
      0    2.01 2.92359
      0 2.92359    12.5
0	0.5	-0.611917
4.12473       0       0
      0    2.01 2.87219
      0 2.87219    12.5
0	0.5	-0.5993
3.97711       0       0
      0    2.01 2.82032
      0 2.82032    12.5
0	0.5	-0.586683
3.83094       0       0
      0    2.01 2.76801
      0 2.76801    12.5
0	0.5	-0.574066
 3.6863       0       0
      0    2.01 2.71525
      0 2.71525    12.5
0	0.5	-0.561449
 3.5433       0       0
      0    2.01 2.66207
      0 2.66207    12.5
0	0.5	-0.548832
3.40203       0       0
      0    2.01 2.60846
      0 2.60846    12.5
0	0.5	-0.536216
3.26256       0       0
      0    2.01 2.55443
      0 2.55443    12.5
0	0.5	-0.523599
3.125     0     0
    0  2.01   2.5
    0   2.5  12.5
0	0.5	-0.510982
2.98943       0       0
      0    2.01 2.44517
      0 2.44517    12.5
0	0.5	-0.498365
2.85593       0       0
      0    2.01 2.38995
      0 2.38995    12.5
0	0.5	-0.485748
 2.7246       0       0
      0    2.01 2.33435
      0 2.33435    12.5
0	0.5	-0.473131
2.59551       0       0
      0    2.01 2.27838
      0 2.27838    12.5
0	0.5	-0.460515
2.46874       0       0
      0    2.01 2.22205
      0 2.22205    12.5
0	0.5	-0.447898
2.34439       0       0
      0    2.01 2.16536
      0 2.16536    12.5
0	0.5	-0.435281
2.22252       0       0
      0    2.01 2.10833
      0 2.10833    12.5
0	0.5	-0.422664
2.10321       0       0
      0    2.01 2.05096
      0 2.05096    12.5
0	0.5	-0.410047
1.98655       0       0
      0    2.01 1.99326
      0 1.99326    12.5
0	0.5	-0.39743
 1.8726       0       0
      0    2.01 1.93525
      0 1.93525    12.5
0	0.5	-0.384814
1.76144       0       0
      0    2.01 1.87693
      0 1.87693    12.5
0	0.5	-0.372197
1.65313       0       0
      0    2.01 1.81831
      0 1.81831    12.5
0	0.5	-0.35958
1.54775       0       0
      0    2.01 1.75941
      0 1.75941    12.5
0	0.5	-0.346963
1.44537       0       0
      0    2.01 1.70022
      0 1.70022    12.5
0	0.5	-0.334346
1.34604       0       0
      0    2.01 1.64076
      0 1.64076    12.5
0	0.5	-0.321729
1.24984       0       0
      0    2.01 1.58104
      0 1.58104    12.5
0	0.5	-0.309113
1.15682       0       0
      0    2.01 1.52107
      0 1.52107    12.5
0	0.5	-0.296496
1.06705       0       0
      0    2.01 1.46085
      0 1.46085    12.5
0	0.5	-0.283879
0.98057       0       0
      0    2.01 1.40041
      0 1.40041    12.5
0	0.5	-0.271262
0.897449        0        0
       0     2.01  1.33974
       0  1.33974     12.5
0	0.5	-0.258645
0.817736        0        0
       0     2.01  1.27886
       0  1.27886     12.5
0	0.5	-0.246028
0.741481        0        0
       0     2.01  1.21777
       0  1.21777     12.5
0	0.5	-0.233412
0.668734        0        0
       0     2.01  1.15649
       0  1.15649     12.5
0	0.5	-0.220795
0.599541        0        0
       0     2.01  1.09503
       0  1.09503     12.5
0	0.5	-0.208178
0.533945        0        0
       0     2.01  1.03339
       0  1.03339     12.5
0	0.5	-0.195561
0.471988        0        0
       0     2.01 0.971584
       0 0.971584     12.5
0	0.5	-0.182944
0.413711        0        0
       0     2.01 0.909627
       0 0.909627     12.5
0	0.5	-0.170327
0.359149        0        0
       0     2.01 0.847525
       0 0.847525     12.5
0	0.5	-0.15771
0.308339        0        0
       0     2.01 0.785288
       0 0.785288     12.5
0	0.5	-0.145094
0.261311        0        0
       0     2.01 0.722925
       0 0.722925     12.5
0	0.5	-0.132477
0.218096        0        0
       0     2.01 0.660448
       0 0.660448     12.5
0	0.5	-0.11986
0.178722        0        0
       0     2.01 0.597866
       0 0.597866     12.5
0	0.5	-0.107243
0.143214        0        0
       0     2.01 0.535188
       0 0.535188     12.5
0	0.5	-0.0946263
0.111593        0        0
       0     2.01 0.472426
       0 0.472426     12.5
0	0.5	-0.0820094
0.0838814         0         0
        0      2.01  0.409588
        0  0.409588      12.5
0	0.5	-0.0693926
0.0600954         0         0
        0      2.01  0.346685
        0  0.346685      12.5
0	0.5	-0.0567758
0.0402506         0         0
        0      2.01  0.283726
        0  0.283726      12.5
0	0.5	-0.0441589
0.0243596         0         0
        0      2.01  0.220723
        0  0.220723      12.5
0	0.5	-0.0315421
0.0124325         0         0
        0      2.01  0.157684
        0  0.157684      12.5
0	0.5	-0.0189253
0.00447683          0          0
         0       2.01  0.0946206
         0  0.0946206       12.5
0	0.5	-0.00630842
0.000497745           0           0
          0        2.01   0.0315419
          0   0.0315419        12.5
0	0.5	0.00630842
0.000497745           0           0
          0        2.01  -0.0315419
          0  -0.0315419        12.5
0	0.5	0.0189253
0.00447683          0          0
         0       2.01 -0.0946206
         0 -0.0946206       12.5
0	0.5	0.0315421
0.0124325         0         0
        0      2.01 -0.157684
        0 -0.157684      12.5
0	0.5	0.0441589
0.0243596         0         0
        0      2.01 -0.220723
        0 -0.220723      12.5
0	0.5	0.0567758
0.0402506         0         0
        0      2.01 -0.283726
        0 -0.283726      12.5
0	0.5	0.0693926
0.0600954         0         0
        0      2.01 -0.346685
        0 -0.346685      12.5
0	0.5	0.0820094
0.0838814         0         0
        0      2.01 -0.409588
        0 -0.409588      12.5
0	0.5	0.0946263
 0.111593         0         0
        0      2.01 -0.472426
        0 -0.472426      12.5
0	0.5	0.107243
 0.143214         0         0
        0      2.01 -0.535188
        0 -0.535188      12.5
0	0.5	0.11986
 0.178722         0         0
        0      2.01 -0.597866
        0 -0.597866      12.5
0	0.5	0.132477
 0.218096         0         0
        0      2.01 -0.660448
        0 -0.660448      12.5
0	0.5	0.145094
 0.261311         0         0
        0      2.01 -0.722925
        0 -0.722925      12.5
0	0.5	0.15771
 0.308339         0         0
        0      2.01 -0.785288
        0 -0.785288      12.5
0	0.5	0.170327
 0.359149         0         0
        0      2.01 -0.847525
        0 -0.847525      12.5
0	0.5	0.182944
 0.413711         0         0
        0      2.01 -0.909627
        0 -0.909627      12.5
0	0.5	0.195561
 0.471988         0         0
        0      2.01 -0.971584
        0 -0.971584      12.5
0	0.5	0.208178
0.533945        0        0
       0     2.01 -1.03339
       0 -1.03339     12.5
0	0.5	0.220795
0.599541        0        0
       0     2.01 -1.09503
       0 -1.09503     12.5
0	0.5	0.233412
0.668734        0        0
       0     2.01 -1.15649
       0 -1.15649     12.5
0	0.5	0.246028
0.741481        0        0
       0     2.01 -1.21777
       0 -1.21777     12.5
0	0.5	0.258645
0.817736        0        0
       0     2.01 -1.27886
       0 -1.27886     12.5
0	0.5	0.271262
0.897449        0        0
       0     2.01 -1.33974
       0 -1.33974     12.5
0	0.5	0.283879
 0.98057        0        0
       0     2.01 -1.40041
       0 -1.40041     12.5
0	0.5	0.296496
 1.06705        0        0
       0     2.01 -1.46085
       0 -1.46085     12.5
0	0.5	0.309113
 1.15682        0        0
       0     2.01 -1.52107
       0 -1.52107     12.5
0	0.5	0.321729
 1.24984        0        0
       0     2.01 -1.58104
       0 -1.58104     12.5
0	0.5	0.334346
 1.34604        0        0
       0     2.01 -1.64076
       0 -1.64076     12.5
0	0.5	0.346963
 1.44537        0        0
       0     2.01 -1.70022
       0 -1.70022     12.5
0	0.5	0.35958
 1.54775        0        0
       0     2.01 -1.75941
       0 -1.75941     12.5
0	0.5	0.372197
 1.65313        0        0
       0     2.01 -1.81831
       0 -1.81831     12.5
0	0.5	0.384814
 1.76144        0        0
       0     2.01 -1.87693
       0 -1.87693     12.5
0	0.5	0.39743
  1.8726        0        0
       0     2.01 -1.93525
       0 -1.93525     12.5
0	0.5	0.410047
 1.98655        0        0
       0     2.01 -1.99326
       0 -1.99326     12.5
0	0.5	0.422664
 2.10321        0        0
       0     2.01 -2.05096
       0 -2.05096     12.5
0	0.5	0.435281
 2.22252        0        0
       0     2.01 -2.10833
       0 -2.10833     12.5
0	0.5	0.447898
 2.34439        0        0
       0     2.01 -2.16536
       0 -2.16536     12.5
0	0.5	0.460515
 2.46874        0        0
       0     2.01 -2.22205
       0 -2.22205     12.5
0	0.5	0.473131
 2.59551        0        0
       0     2.01 -2.27838
       0 -2.27838     12.5
0	0.5	0.485748
  2.7246        0        0
       0     2.01 -2.33435
       0 -2.33435     12.5
0	0.5	0.498365
 2.85593        0        0
       0     2.01 -2.38995
       0 -2.38995     12.5
0	0.5	0.510982
 2.98943        0        0
       0     2.01 -2.44517
       0 -2.44517     12.5
0	0.5	0.523599
3.125     0     0
    0  2.01  -2.5
    0  -2.5  12.5
0	0.5	0.536216
 3.26256        0        0
       0     2.01 -2.55443
       0 -2.55443     12.5
0	0.5	0.548832
 3.40203        0        0
       0     2.01 -2.60846
       0 -2.60846     12.5
0	0.5	0.561449
  3.5433        0        0
       0     2.01 -2.66207
       0 -2.66207     12.5
0	0.5	0.574066
  3.6863        0        0
       0     2.01 -2.71525
       0 -2.71525     12.5
0	0.5	0.586683
 3.83094        0        0
       0     2.01 -2.76801
       0 -2.76801     12.5
0	0.5	0.5993
 3.97711        0        0
       0     2.01 -2.82032
       0 -2.82032     12.5
0	0.5	0.611917
 4.12473        0        0
       0     2.01 -2.87219
       0 -2.87219     12.5
0	0.5	0.624533
  4.2737        0        0
       0     2.01 -2.92359
       0 -2.92359     12.5
0	0.5	0.63715
 4.42393        0        0
       0     2.01 -2.97454
       0 -2.97454     12.5
0	0.5	0.649767
 4.57533        0        0
       0     2.01 -3.02501
       0 -3.02501     12.5
0	0.5	0.662384
 4.72779        0        0
       0     2.01 -3.07499
       0 -3.07499     12.5
0	0.5	0.675001
 4.88122        0        0
       0     2.01 -3.12449
       0 -3.12449     12.5
0	0.5	0.687618
 5.03552        0        0
       0     2.01 -3.17349
       0 -3.17349     12.5
0	0.5	0.700235
 5.19059        0        0
       0     2.01 -3.22199
       0 -3.22199     12.5
0	0.5	0.712851
 5.34634        0        0
       0     2.01 -3.26997
       0 -3.26997     12.5
0	0.5	0.725468
 5.50267        0        0
       0     2.01 -3.31743
       0 -3.31743     12.5
0	0.5	0.738085
 5.65947        0        0
       0     2.01 -3.36436
       0 -3.36436     12.5
0	0.5	0.750702
 5.81664        0        0
       0     2.01 -3.41076
       0 -3.41076     12.5
0	0.5	0.763319
  5.9741        0        0
       0     2.01 -3.45662
       0 -3.45662     12.5
0	0.5	0.775936
 6.13172        0        0
       0     2.01 -3.50192
       0 -3.50192     12.5
0	0.5	0.788552
 6.28943        0        0
       0     2.01 -3.54667
       0 -3.54667     12.5
0	0.5	0.801169
 6.44711        0        0
       0     2.01 -3.59085
       0 -3.59085     12.5
0	0.5	0.813786
 6.60466        0        0
       0     2.01 -3.63446
       0 -3.63446     12.5
0	0.5	0.826403
6.76199       0       0
      0    2.01 -3.6775
      0 -3.6775    12.5
0	0.5	0.83902
 6.91899        0        0
       0     2.01 -3.71994
       0 -3.71994     12.5
0	0.5	0.851637
7.07556       0       0
      0    2.01 -3.7618
      0 -3.7618    12.5
0	0.5	0.864253
 7.23161        0        0
       0     2.01 -3.80305
       0 -3.80305     12.5
0	0.5	0.87687
7.38703       0       0
      0    2.01 -3.8437
      0 -3.8437    12.5
0	0.5	0.889487
 7.54173        0        0
       0     2.01 -3.88374
       0 -3.88374     12.5
0	0.5	0.902104
 7.69561        0        0
       0     2.01 -3.92316
       0 -3.92316     12.5
0	0.5	0.914721
 7.84857        0        0
       0     2.01 -3.96196
       0 -3.96196     12.5
0	0.5	0.927338
 8.00051        0        0
       0     2.01 -4.00013
       0 -4.00013     12.5
0	0.5	0.939954
 8.15133        0        0
       0     2.01 -4.03766
       0 -4.03766     12.5
0	0.5	0.952571
 8.30095        0        0
       0     2.01 -4.07454
       0 -4.07454     12.5
0	0.5	0.965188
 8.44926        0        0
       0     2.01 -4.11078
       0 -4.11078     12.5
0	0.5	0.977805
 8.59617        0        0
       0     2.01 -4.14636
       0 -4.14636     12.5
0	0.5	0.990422
 8.74158        0        0
       0     2.01 -4.18129
       0 -4.18129     12.5
0	0.5	1.00304
 8.88541        0        0
       0     2.01 -4.21554
       0 -4.21554     12.5
0	0.5	1.01566
 9.02756        0        0
       0     2.01 -4.24913
       0 -4.24913     12.5
0	0.5	1.02827
 9.16794        0        0
       0     2.01 -4.28204
       0 -4.28204     12.5
0	0.5	1.04089
 9.30646        0        0
       0     2.01 -4.31427
       0 -4.31427     12.5
0	0.5	1.05351
 9.44304        0        0
       0     2.01 -4.34581
       0 -4.34581     12.5
0	0.5	1.06612
 9.57758        0        0
       0     2.01 -4.37666
       0 -4.37666     12.5
0	0.5	1.07874
 9.71001        0        0
       0     2.01 -4.40682
       0 -4.40682     12.5
0	0.5	1.09136
 9.84023        0        0
       0     2.01 -4.43627
       0 -4.43627     12.5
0	0.5	1.10397
 9.96817        0        0
       0     2.01 -4.46501
       0 -4.46501     12.5
0	0.5	1.11659
 10.0937        0        0
       0     2.01 -4.49305
       0 -4.49305     12.5
0	0.5	1.12921
 10.2169        0        0
       0     2.01 -4.52037
       0 -4.52037     12.5
0	0.5	1.14182
 10.3375        0        0
       0     2.01 -4.54697
       0 -4.54697     12.5
0	0.5	1.15444
 10.4555        0        0
       0     2.01 -4.57284
       0 -4.57284     12.5
0	0.5	1.16706
 10.5708        0        0
       0     2.01 -4.59799
       0 -4.59799     12.5
0	0.5	1.17967
 10.6833        0        0
       0     2.01 -4.62241
       0 -4.62241     12.5
0	0.5	1.19229
 10.7931        0        0
       0     2.01 -4.64609
       0 -4.64609     12.5
0	0.5	1.20491
 10.8999        0        0
       0     2.01 -4.66903
       0 -4.66903     12.5
0	0.5	1.21752
 11.0038        0        0
       0     2.01 -4.69123
       0 -4.69123     12.5
0	0.5	1.23014
 11.1047        0        0
       0     2.01 -4.71268
       0 -4.71268     12.5
0	0.5	1.24276
 11.2025        0        0
       0     2.01 -4.73338
       0 -4.73338     12.5
0	0.5	1.25538
 11.2971        0        0
       0     2.01 -4.75333
       0 -4.75333     12.5
0	0.5	1.26799
 11.3885        0        0
       0     2.01 -4.77252
       0 -4.77252     12.5
0	0.5	1.28061
 11.4766        0        0
       0     2.01 -4.79095
       0 -4.79095     12.5
0	0.5	1.29323
 11.5614        0        0
       0     2.01 -4.80862
       0 -4.80862     12.5
0	0.5	1.30584
 11.6428        0        0
       0     2.01 -4.82552
       0 -4.82552     12.5
0	0.5	1.31846
 11.7208        0        0
       0     2.01 -4.84166
       0 -4.84166     12.5
0	0.5	1.33108
 11.7953        0        0
       0     2.01 -4.85702
       0 -4.85702     12.5
0	0.5	1.34369
 11.8663        0        0
       0     2.01 -4.87161
       0 -4.87161     12.5
0	0.5	1.35631
 11.9337        0        0
       0     2.01 -4.88543
       0 -4.88543     12.5
0	0.5	1.36893
 11.9975        0        0
       0     2.01 -4.89847
       0 -4.89847     12.5
0	0.5	1.38154
 12.0576        0        0
       0     2.01 -4.91073
       0 -4.91073     12.5
0	0.5	1.39416
 12.114       0       0
      0    2.01 -4.9222
      0 -4.9222    12.5
0	0.5	1.40678
12.1667       0       0
      0    2.01 -4.9329
      0 -4.9329    12.5
0	0.5	1.41939
12.2157       0       0
      0    2.01 -4.9428
      0 -4.9428    12.5
0	0.5	1.43201
 12.2608        0        0
       0     2.01 -4.95192
       0 -4.95192     12.5
0	0.5	1.44463
 12.3021        0        0
       0     2.01 -4.96026
       0 -4.96026     12.5
0	0.5	1.45724
12.3395       0       0
      0    2.01 -4.9678
      0 -4.9678    12.5
0	0.5	1.46986
 12.3731        0        0
       0     2.01 -4.97455
       0 -4.97455     12.5
0	0.5	1.48248
 12.4028        0        0
       0     2.01 -4.98051
       0 -4.98051     12.5
0	0.5	1.4951
 12.4285        0        0
       0     2.01 -4.98568
       0 -4.98568     12.5
0	0.5	1.50771
 12.4503        0        0
       0     2.01 -4.99005
       0 -4.99005     12.5
0	0.5	1.52033
 12.4682        0        0
       0     2.01 -4.99363
       0 -4.99363     12.5
0	0.5	1.53295
 12.4821        0        0
       0     2.01 -4.99642
       0 -4.99642     12.5
0	0.5	1.54556
  12.492        0        0
       0     2.01 -4.99841
       0 -4.99841     12.5
0	0.5	1.55818
 12.498       0       0
      0    2.01 -4.9996
      0 -4.9996    12.5
0	0.5	1.5708
12.5    0    0
   0 2.01   -5
   0   -5 12.5
