0	0-2.0	0
0	0	0
3e-07     0     0
    0  2.01     0
    0     0  12.5
0	0.00803213	0
3e-07     0     0
    0  2.01     0
    0     0  12.5
0	0.0160643	0
3e-07     0     0
    0  2.01     0
    0     0  12.5
0	0.0240964	0
3e-07     0     0
    0  2.01     0
    0     0  12.5
0	0.0321285	0
3e-07     0     0
    0  2.01     0
    0     0  12.5
0	0.0401606	0
3e-07     0     0
    0  2.01     0
    0     0  12.5
0	0.0481928	0
3e-07     0     0
    0  2.01     0
    0     0  12.5
0	0.0562249	0
3e-07     0     0
    0  2.01     0
    0     0  12.5
0	0.064257	0
3e-07     0     0
    0  2.01     0
    0     0  12.5
0	0.0722892	0
3e-07     0     0
    0  2.01     0
    0     0  12.5
0	0.0803213	0
3e-07     0     0
    0  2.01     0
    0     0  12.5
0	0.0883534	0
3e-07     0     0
    0  2.01     0
    0     0  12.5
0	0.0963855	0
3e-07     0     0
    0  2.01     0
    0     0  12.5
0	0.104418	0
3e-07     0     0
    0  2.01     0
    0     0  12.5
0	0.11245	0
3e-07     0     0
    0  2.01     0
    0     0  12.5
0	0.120482	0
3e-07     0     0
    0  2.01     0
    0     0  12.5
0	0.128514	0
3e-07     0     0
    0  2.01     0
    0     0  12.5
0	0.136546	0
3e-07     0     0
    0  2.01     0
    0     0  12.5
0	0.144578	0
3e-07     0     0
    0  2.01     0
    0     0  12.5
0	0.15261	0
3e-07     0     0
    0  2.01     0
    0     0  12.5
0	0.160643	0
3e-07     0     0
    0  2.01     0
    0     0  12.5
0	0.168675	0
3e-07     0     0
    0  2.01     0
    0     0  12.5
0	0.176707	0
3e-07     0     0
    0  2.01     0
    0     0  12.5
0	0.184739	0
3e-07     0     0
    0  2.01     0
    0     0  12.5
0	0.192771	0
3e-07     0     0
    0  2.01     0
    0     0  12.5
0	0.200803	0
3e-07     0     0
    0  2.01     0
    0     0  12.5
0	0.208835	0
3e-07     0     0
    0  2.01     0
    0     0  12.5
0	0.216867	0
3e-07     0     0
    0  2.01     0
    0     0  12.5
0	0.2249	0
3e-07     0     0
    0  2.01     0
    0     0  12.5
0	0.232932	0
3e-07     0     0
    0  2.01     0
    0     0  12.5
0	0.240964	0
3e-07     0     0
    0  2.01     0
    0     0  12.5
0	0.248996	0
3e-07     0     0
    0  2.01     0
    0     0  12.5
0	0.257028	0
3e-07     0     0
    0  2.01     0
    0     0  12.5
0	0.26506	0
3e-07     0     0
    0  2.01     0
    0     0  12.5
0	0.273092	0
3e-07     0     0
    0  2.01     0
    0     0  12.5
0	0.281125	0
3e-07     0     0
    0  2.01     0
    0     0  12.5
0	0.289157	0
3e-07     0     0
    0  2.01     0
    0     0  12.5
0	0.297189	0
3e-07     0     0
    0  2.01     0
    0     0  12.5
0	0.305221	0
3e-07     0     0
    0  2.01     0
    0     0  12.5
0	0.313253	0
3e-07     0     0
    0  2.01     0
    0     0  12.5
0	0.321285	0
3e-07     0     0
    0  2.01     0
    0     0  12.5
0	0.329317	0
3e-07     0     0
    0  2.01     0
    0     0  12.5
0	0.337349	0
3e-07     0     0
    0  2.01     0
    0     0  12.5
0	0.345382	0
3e-07     0     0
    0  2.01     0
    0     0  12.5
0	0.353414	0
3e-07     0     0
    0  2.01     0
    0     0  12.5
0	0.361446	0
3e-07     0     0
    0  2.01     0
    0     0  12.5
0	0.369478	0
3e-07     0     0
    0  2.01     0
    0     0  12.5
0	0.37751	0
3e-07     0     0
    0  2.01     0
    0     0  12.5
0	0.385542	0
3e-07     0     0
    0  2.01     0
    0     0  12.5
0	0.393574	0
3e-07     0     0
    0  2.01     0
    0     0  12.5
0	0.401606	0
3e-07     0     0
    0  2.01     0
    0     0  12.5
0	0.409639	0
3e-07     0     0
    0  2.01     0
    0     0  12.5
0	0.417671	0
3e-07     0     0
    0  2.01     0
    0     0  12.5
0	0.425703	0
3e-07     0     0
    0  2.01     0
    0     0  12.5
0	0.433735	0
3e-07     0     0
    0  2.01     0
    0     0  12.5
0	0.441767	0
3e-07     0     0
    0  2.01     0
    0     0  12.5
0	0.449799	0
3e-07     0     0
    0  2.01     0
    0     0  12.5
0	0.457831	0
3e-07     0     0
    0  2.01     0
    0     0  12.5
0	0.465863	0
3e-07     0     0
    0  2.01     0
    0     0  12.5
0	0.473896	0
3e-07     0     0
    0  2.01     0
    0     0  12.5
0	0.481928	0
3e-07     0     0
    0  2.01     0
    0     0  12.5
0	0.48996	0
3e-07     0     0
    0  2.01     0
    0     0  12.5
0	0.497992	0
3e-07     0     0
    0  2.01     0
    0     0  12.5
0	0.506024	0
3e-07     0     0
    0  2.01     0
    0     0  12.5
0	0.514056	0
3e-07     0     0
    0  2.01     0
    0     0  12.5
0	0.522088	0
3e-07     0     0
    0  2.01     0
    0     0  12.5
0	0.53012	0
3e-07     0     0
    0  2.01     0
    0     0  12.5
0	0.538153	0
3e-07     0     0
    0  2.01     0
    0     0  12.5
0	0.546185	0
3e-07     0     0
    0  2.01     0
    0     0  12.5
0	0.554217	0
3e-07     0     0
    0  2.01     0
    0     0  12.5
0	0.562249	0
3e-07     0     0
    0  2.01     0
    0     0  12.5
0	0.570281	0
3e-07     0     0
    0  2.01     0
    0     0  12.5
0	0.578313	0
3e-07     0     0
    0  2.01     0
    0     0  12.5
0	0.586345	0
3e-07     0     0
    0  2.01     0
    0     0  12.5
0	0.594378	0
3e-07     0     0
    0  2.01     0
    0     0  12.5
0	0.60241	0
3e-07     0     0
    0  2.01     0
    0     0  12.5
0	0.610442	0
3e-07     0     0
    0  2.01     0
    0     0  12.5
0	0.618474	0
3e-07     0     0
    0  2.01     0
    0     0  12.5
0	0.626506	0
3e-07     0     0
    0  2.01     0
    0     0  12.5
0	0.634538	0
3e-07     0     0
    0  2.01     0
    0     0  12.5
0	0.64257	0
3e-07     0     0
    0  2.01     0
    0     0  12.5
0	0.650602	0
3e-07     0     0
    0  2.01     0
    0     0  12.5
0	0.658635	0
3e-07     0     0
    0  2.01     0
    0     0  12.5
0	0.666667	0
3e-07     0     0
    0  2.01     0
    0     0  12.5
0	0.674699	0
3e-07     0     0
    0  2.01     0
    0     0  12.5
0	0.682731	0
3e-07     0     0
    0  2.01     0
    0     0  12.5
0	0.690763	0
3e-07     0     0
    0  2.01     0
    0     0  12.5
0	0.698795	0
3e-07     0     0
    0  2.01     0
    0     0  12.5
0	0.706827	0
3e-07     0     0
    0  2.01     0
    0     0  12.5
0	0.714859	0
3e-07     0     0
    0  2.01     0
    0     0  12.5
0	0.722892	0
3e-07     0     0
    0  2.01     0
    0     0  12.5
0	0.730924	0
3e-07     0     0
    0  2.01     0
    0     0  12.5
0	0.738956	0
3e-07     0     0
    0  2.01     0
    0     0  12.5
0	0.746988	0
3e-07     0     0
    0  2.01     0
    0     0  12.5
0	0.75502	0
3e-07     0     0
    0  2.01     0
    0     0  12.5
0	0.763052	0
3e-07     0     0
    0  2.01     0
    0     0  12.5
0	0.771084	0
3e-07     0     0
    0  2.01     0
    0     0  12.5
0	0.779116	0
3e-07     0     0
    0  2.01     0
    0     0  12.5
0	0.787149	0
3e-07     0     0
    0  2.01     0
    0     0  12.5
0	0.795181	0
3e-07     0     0
    0  2.01     0
    0     0  12.5
0	0.803213	0
3e-07     0     0
    0  2.01     0
    0     0  12.5
0	0.811245	0
3e-07     0     0
    0  2.01     0
    0     0  12.5
0	0.819277	0
3e-07     0     0
    0  2.01     0
    0     0  12.5
0	0.827309	0
3e-07     0     0
    0  2.01     0
    0     0  12.5
0	0.835341	0
3e-07     0     0
    0  2.01     0
    0     0  12.5
0	0.843373	0
3e-07     0     0
    0  2.01     0
    0     0  12.5
0	0.851406	0
3e-07     0     0
    0  2.01     0
    0     0  12.5
0	0.859438	0
3e-07     0     0
    0  2.01     0
    0     0  12.5
0	0.86747	0
3e-07     0     0
    0  2.01     0
    0     0  12.5
0	0.875502	0
3e-07     0     0
    0  2.01     0
    0     0  12.5
0	0.883534	0
3e-07     0     0
    0  2.01     0
    0     0  12.5
0	0.891566	0
3e-07     0     0
    0  2.01     0
    0     0  12.5
0	0.899598	0
3e-07     0     0
    0  2.01     0
    0     0  12.5
0	0.907631	0
3e-07     0     0
    0  2.01     0
    0     0  12.5
0	0.915663	0
3e-07     0     0
    0  2.01     0
    0     0  12.5
0	0.923695	0
3e-07     0     0
    0  2.01     0
    0     0  12.5
0	0.931727	0
3e-07     0     0
    0  2.01     0
    0     0  12.5
0	0.939759	0
3e-07     0     0
    0  2.01     0
    0     0  12.5
0	0.947791	0
3e-07     0     0
    0  2.01     0
    0     0  12.5
0	0.955823	0
3e-07     0     0
    0  2.01     0
    0     0  12.5
0	0.963855	0
3e-07     0     0
    0  2.01     0
    0     0  12.5
0	0.971888	0
3e-07     0     0
    0  2.01     0
    0     0  12.5
0	0.97992	0
3e-07     0     0
    0  2.01     0
    0     0  12.5
0	0.987952	0
3e-07     0     0
    0  2.01     0
    0     0  12.5
0	0.995984	0
3e-07     0     0
    0  2.01     0
    0     0  12.5
0	1.00402	0
3e-07     0     0
    0  2.01     0
    0     0  12.5
0	1.01205	0
3e-07     0     0
    0  2.01     0
    0     0  12.5
0	1.02008	0
3e-07     0     0
    0  2.01     0
    0     0  12.5
0	1.02811	0
3e-07     0     0
    0  2.01     0
    0     0  12.5
0	1.03614	0
3e-07     0     0
    0  2.01     0
    0     0  12.5
0	1.04418	0
3e-07     0     0
    0  2.01     0
    0     0  12.5
0	1.05221	0
3e-07     0     0
    0  2.01     0
    0     0  12.5
0	1.06024	0
3e-07     0     0
    0  2.01     0
    0     0  12.5
0	1.06827	0
3e-07     0     0
    0  2.01     0
    0     0  12.5
0	1.07631	0
3e-07     0     0
    0  2.01     0
    0     0  12.5
0	1.08434	0
3e-07     0     0
    0  2.01     0
    0     0  12.5
0	1.09237	0
3e-07     0     0
    0  2.01     0
    0     0  12.5
0	1.1004	0
3e-07     0     0
    0  2.01     0
    0     0  12.5
0	1.10843	0
3e-07     0     0
    0  2.01     0
    0     0  12.5
0	1.11647	0
3e-07     0     0
    0  2.01     0
    0     0  12.5
0	1.1245	0
3e-07     0     0
    0  2.01     0
    0     0  12.5
0	1.13253	0
3e-07     0     0
    0  2.01     0
    0     0  12.5
0	1.14056	0
3e-07     0     0
    0  2.01     0
    0     0  12.5
0	1.14859	0
3e-07     0     0
    0  2.01     0
    0     0  12.5
0	1.15663	0
3e-07     0     0
    0  2.01     0
    0     0  12.5
0	1.16466	0
3e-07     0     0
    0  2.01     0
    0     0  12.5
0	1.17269	0
3e-07     0     0
    0  2.01     0
    0     0  12.5
0	1.18072	0
3e-07     0     0
    0  2.01     0
    0     0  12.5
0	1.18876	0
3e-07     0     0
    0  2.01     0
    0     0  12.5
0	1.19679	0
3e-07     0     0
    0  2.01     0
    0     0  12.5
0	1.20482	0
3e-07     0     0
    0  2.01     0
    0     0  12.5
0	1.21285	0
3e-07     0     0
    0  2.01     0
    0     0  12.5
0	1.22088	0
3e-07     0     0
    0  2.01     0
    0     0  12.5
0	1.22892	0
3e-07     0     0
    0  2.01     0
    0     0  12.5
0	1.23695	0
3e-07     0     0
    0  2.01     0
    0     0  12.5
0	1.24498	0
3e-07     0     0
    0  2.01     0
    0     0  12.5
0	1.25301	0
3e-07     0     0
    0  2.01     0
    0     0  12.5
0	1.26104	0
3e-07     0     0
    0  2.01     0
    0     0  12.5
0	1.26908	0
3e-07     0     0
    0  2.01     0
    0     0  12.5
0	1.27711	0
3e-07     0     0
    0  2.01     0
    0     0  12.5
0	1.28514	0
3e-07     0     0
    0  2.01     0
    0     0  12.5
0	1.29317	0
3e-07     0     0
    0  2.01     0
    0     0  12.5
0	1.3012	0
3e-07     0     0
    0  2.01     0
    0     0  12.5
0	1.30924	0
3e-07     0     0
    0  2.01     0
    0     0  12.5
0	1.31727	0
3e-07     0     0
    0  2.01     0
    0     0  12.5
0	1.3253	0
3e-07     0     0
    0  2.01     0
    0     0  12.5
0	1.33333	0
3e-07     0     0
    0  2.01     0
    0     0  12.5
0	1.34137	0
3e-07     0     0
    0  2.01     0
    0     0  12.5
0	1.3494	0
3e-07     0     0
    0  2.01     0
    0     0  12.5
0	1.35743	0
3e-07     0     0
    0  2.01     0
    0     0  12.5
0	1.36546	0
3e-07     0     0
    0  2.01     0
    0     0  12.5
0	1.37349	0
3e-07     0     0
    0  2.01     0
    0     0  12.5
0	1.38153	0
3e-07     0     0
    0  2.01     0
    0     0  12.5
0	1.38956	0
3e-07     0     0
    0  2.01     0
    0     0  12.5
0	1.39759	0
3e-07     0     0
    0  2.01     0
    0     0  12.5
0	1.40562	0
3e-07     0     0
    0  2.01     0
    0     0  12.5
0	1.41365	0
3e-07     0     0
    0  2.01     0
    0     0  12.5
0	1.42169	0
3e-07     0     0
    0  2.01     0
    0     0  12.5
0	1.42972	0
3e-07     0     0
    0  2.01     0
    0     0  12.5
0	1.43775	0
3e-07     0     0
    0  2.01     0
    0     0  12.5
0	1.44578	0
3e-07     0     0
    0  2.01     0
    0     0  12.5
0	1.45382	0
3e-07     0     0
    0  2.01     0
    0     0  12.5
0	1.46185	0
3e-07     0     0
    0  2.01     0
    0     0  12.5
0	1.46988	0
3e-07     0     0
    0  2.01     0
    0     0  12.5
0	1.47791	0
3e-07     0     0
    0  2.01     0
    0     0  12.5
0	1.48594	0
3e-07     0     0
    0  2.01     0
    0     0  12.5
0	1.49398	0
3e-07     0     0
    0  2.01     0
    0     0  12.5
0	1.50201	0
3e-07     0     0
    0  2.01     0
    0     0  12.5
0	1.51004	0
3e-07     0     0
    0  2.01     0
    0     0  12.5
0	1.51807	0
3e-07     0     0
    0  2.01     0
    0     0  12.5
0	1.5261	0
3e-07     0     0
    0  2.01     0
    0     0  12.5
0	1.53414	0
3e-07     0     0
    0  2.01     0
    0     0  12.5
0	1.54217	0
3e-07     0     0
    0  2.01     0
    0     0  12.5
0	1.5502	0
3e-07     0     0
    0  2.01     0
    0     0  12.5
0	1.55823	0
3e-07     0     0
    0  2.01     0
    0     0  12.5
0	1.56627	0
3e-07     0     0
    0  2.01     0
    0     0  12.5
0	1.5743	0
3e-07     0     0
    0  2.01     0
    0     0  12.5
0	1.58233	0
3e-07     0     0
    0  2.01     0
    0     0  12.5
0	1.59036	0
3e-07     0     0
    0  2.01     0
    0     0  12.5
0	1.59839	0
3e-07     0     0
    0  2.01     0
    0     0  12.5
0	1.60643	0
3e-07     0     0
    0  2.01     0
    0     0  12.5
0	1.61446	0
3e-07     0     0
    0  2.01     0
    0     0  12.5
0	1.62249	0
3e-07     0     0
    0  2.01     0
    0     0  12.5
0	1.63052	0
3e-07     0     0
    0  2.01     0
    0     0  12.5
0	1.63855	0
3e-07     0     0
    0  2.01     0
    0     0  12.5
0	1.64659	0
3e-07     0     0
    0  2.01     0
    0     0  12.5
0	1.65462	0
3e-07     0     0
    0  2.01     0
    0     0  12.5
0	1.66265	0
3e-07     0     0
    0  2.01     0
    0     0  12.5
0	1.67068	0
3e-07     0     0
    0  2.01     0
    0     0  12.5
0	1.67871	0
3e-07     0     0
    0  2.01     0
    0     0  12.5
0	1.68675	0
3e-07     0     0
    0  2.01     0
    0     0  12.5
0	1.69478	0
3e-07     0     0
    0  2.01     0
    0     0  12.5
0	1.70281	0
3e-07     0     0
    0  2.01     0
    0     0  12.5
0	1.71084	0
3e-07     0     0
    0  2.01     0
    0     0  12.5
0	1.71888	0
3e-07     0     0
    0  2.01     0
    0     0  12.5
0	1.72691	0
3e-07     0     0
    0  2.01     0
    0     0  12.5
0	1.73494	0
3e-07     0     0
    0  2.01     0
    0     0  12.5
0	1.74297	0
3e-07     0     0
    0  2.01     0
    0     0  12.5
0	1.751	0
3e-07     0     0
    0  2.01     0
    0     0  12.5
0	1.75904	0
3e-07     0     0
    0  2.01     0
    0     0  12.5
0	1.76707	0
3e-07     0     0
    0  2.01     0
    0     0  12.5
0	1.7751	0
3e-07     0     0
    0  2.01     0
    0     0  12.5
0	1.78313	0
3e-07     0     0
    0  2.01     0
    0     0  12.5
0	1.79116	0
3e-07     0     0
    0  2.01     0
    0     0  12.5
0	1.7992	0
3e-07     0     0
    0  2.01     0
    0     0  12.5
0	1.80723	0
3e-07     0     0
    0  2.01     0
    0     0  12.5
0	1.81526	0
3e-07     0     0
    0  2.01     0
    0     0  12.5
0	1.82329	0
3e-07     0     0
    0  2.01     0
    0     0  12.5
0	1.83133	0
3e-07     0     0
    0  2.01     0
    0     0  12.5
0	1.83936	0
3e-07     0     0
    0  2.01     0
    0     0  12.5
0	1.84739	0
3e-07     0     0
    0  2.01     0
    0     0  12.5
0	1.85542	0
3e-07     0     0
    0  2.01     0
    0     0  12.5
0	1.86345	0
3e-07     0     0
    0  2.01     0
    0     0  12.5
0	1.87149	0
3e-07     0     0
    0  2.01     0
    0     0  12.5
0	1.87952	0
3e-07     0     0
    0  2.01     0
    0     0  12.5
0	1.88755	0
3e-07     0     0
    0  2.01     0
    0     0  12.5
0	1.89558	0
3e-07     0     0
    0  2.01     0
    0     0  12.5
0	1.90361	0
3e-07     0     0
    0  2.01     0
    0     0  12.5
0	1.91165	0
3e-07     0     0
    0  2.01     0
    0     0  12.5
0	1.91968	0
3e-07     0     0
    0  2.01     0
    0     0  12.5
0	1.92771	0
3e-07     0     0
    0  2.01     0
    0     0  12.5
0	1.93574	0
3e-07     0     0
    0  2.01     0
    0     0  12.5
0	1.94378	0
3e-07     0     0
    0  2.01     0
    0     0  12.5
0	1.95181	0
3e-07     0     0
    0  2.01     0
    0     0  12.5
0	1.95984	0
3e-07     0     0
    0  2.01     0
    0     0  12.5
0	1.96787	0
3e-07     0     0
    0  2.01     0
    0     0  12.5
0	1.9759	0
3e-07     0     0
    0  2.01     0
    0     0  12.5
0	1.98394	0
3e-07     0     0
    0  2.01     0
    0     0  12.5
0	1.99197	0
3e-07     0     0
    0  2.01     0
    0     0  12.5
0	2	0
3e-07     0     0
    0  2.01     0
    0     0  12.5
