0	0.5	-M_PI/2 to M_PI/2
0	0.5	-1.5708
      0 19.7181   49.05
0	0.5	-1.55818
      0 19.7181 49.0461
0	0.5	-1.54556
      0 19.7181 49.0344
0	0.5	-1.53295
      0 19.7181 49.0149
0	0.5	-1.52033
      0 19.7181 48.9875
0	0.5	-1.50771
      0 19.7181 48.9524
0	0.5	-1.4951
      0 19.7181 48.9095
0	0.5	-1.48248
      0 19.7181 48.8588
0	0.5	-1.46986
      0 19.7181 48.8004
0	0.5	-1.45724
      0 19.7181 48.7341
0	0.5	-1.44463
      0 19.7181 48.6601
0	0.5	-1.43201
      0 19.7181 48.5784
0	0.5	-1.41939
      0 19.7181 48.4889
0	0.5	-1.40678
      0 19.7181 48.3917
0	0.5	-1.39416
      0 19.7181 48.2868
0	0.5	-1.38154
      0 19.7181 48.1742
0	0.5	-1.36893
      0 19.7181  48.054
0	0.5	-1.35631
      0 19.7181 47.9261
0	0.5	-1.34369
      0 19.7181 47.7905
0	0.5	-1.33108
      0 19.7181 47.6474
0	0.5	-1.31846
      0 19.7181 47.4967
0	0.5	-1.30584
      0 19.7181 47.3384
0	0.5	-1.29323
      0 19.7181 47.1726
0	0.5	-1.28061
      0 19.7181 46.9992
0	0.5	-1.26799
      0 19.7181 46.8184
0	0.5	-1.25538
      0 19.7181 46.6302
0	0.5	-1.24276
      0 19.7181 46.4345
0	0.5	-1.23014
      0 19.7181 46.2314
0	0.5	-1.21752
      0 19.7181  46.021
0	0.5	-1.20491
      0 19.7181 45.8032
0	0.5	-1.19229
      0 19.7181 45.5781
0	0.5	-1.17967
      0 19.7181 45.3458
0	0.5	-1.16706
      0 19.7181 45.1063
0	0.5	-1.15444
      0 19.7181 44.8596
0	0.5	-1.14182
      0 19.7181 44.6058
0	0.5	-1.12921
      0 19.7181 44.3448
0	0.5	-1.11659
      0 19.7181 44.0768
0	0.5	-1.10397
      0 19.7181 43.8018
0	0.5	-1.09136
      0 19.7181 43.5198
0	0.5	-1.07874
      0 19.7181 43.2309
0	0.5	-1.06612
      0 19.7181 42.9351
0	0.5	-1.05351
      0 19.7181 42.6324
0	0.5	-1.04089
      0 19.7181  42.323
0	0.5	-1.02827
      0 19.7181 42.0068
0	0.5	-1.01566
      0 19.7181  41.684
0	0.5	-1.00304
      0 19.7181 41.3545
0	0.5	-0.990422
      0 19.7181 41.0184
0	0.5	-0.977805
      0 19.7181 40.6758
0	0.5	-0.965188
      0 19.7181 40.3268
0	0.5	-0.952571
      0 19.7181 39.9713
0	0.5	-0.939954
      0 19.7181 39.6094
0	0.5	-0.927338
      0 19.7181 39.2412
0	0.5	-0.914721
      0 19.7181 38.8668
0	0.5	-0.902104
      0 19.7181 38.4862
0	0.5	-0.889487
      0 19.7181 38.0995
0	0.5	-0.87687
      0 19.7181 37.7067
0	0.5	-0.864253
      0 19.7181  37.308
0	0.5	-0.851637
      0 19.7181 36.9032
0	0.5	-0.83902
      0 19.7181 36.4926
0	0.5	-0.826403
      0 19.7181 36.0762
0	0.5	-0.813786
      0 19.7181 35.6541
0	0.5	-0.801169
      0 19.7181 35.2262
0	0.5	-0.788552
      0 19.7181 34.7928
0	0.5	-0.775936
      0 19.7181 34.3538
0	0.5	-0.763319
      0 19.7181 33.9094
0	0.5	-0.750702
      0 19.7181 33.4596
0	0.5	-0.738085
      0 19.7181 33.0044
0	0.5	-0.725468
      0 19.7181  32.544
0	0.5	-0.712851
      0 19.7181 32.0784
0	0.5	-0.700235
      0 19.7181 31.6077
0	0.5	-0.687618
      0 19.7181 31.1319
0	0.5	-0.675001
      0 19.7181 30.6512
0	0.5	-0.662384
      0 19.7181 30.1657
0	0.5	-0.649767
      0 19.7181 29.6753
0	0.5	-0.63715
      0 19.7181 29.1802
0	0.5	-0.624533
      0 19.7181 28.6805
0	0.5	-0.611917
      0 19.7181 28.1762
0	0.5	-0.5993
      0 19.7181 27.6674
0	0.5	-0.586683
      0 19.7181 27.1542
0	0.5	-0.574066
      0 19.7181 26.6366
0	0.5	-0.561449
      0 19.7181 26.1149
0	0.5	-0.548832
      0 19.7181  25.589
0	0.5	-0.536216
      0 19.7181  25.059
0	0.5	-0.523599
      0 19.7181  24.525
0	0.5	-0.510982
      0 19.7181 23.9871
0	0.5	-0.498365
      0 19.7181 23.4454
0	0.5	-0.485748
      0 19.7181    22.9
0	0.5	-0.473131
      0 19.7181 22.3509
0	0.5	-0.460515
      0 19.7181 21.7983
0	0.5	-0.447898
      0 19.7181 21.2422
0	0.5	-0.435281
      0 19.7181 20.6827
0	0.5	-0.422664
      0 19.7181 20.1199
0	0.5	-0.410047
      0 19.7181 19.5539
0	0.5	-0.39743
      0 19.7181 18.9848
0	0.5	-0.384814
      0 19.7181 18.4127
0	0.5	-0.372197
      0 19.7181 17.8377
0	0.5	-0.35958
      0 19.7181 17.2598
0	0.5	-0.346963
      0 19.7181 16.6791
0	0.5	-0.334346
      0 19.7181 16.0958
0	0.5	-0.321729
      0 19.7181   15.51
0	0.5	-0.309113
      0 19.7181 14.9217
0	0.5	-0.296496
      0 19.7181  14.331
0	0.5	-0.283879
      0 19.7181  13.738
0	0.5	-0.271262
      0 19.7181 13.1428
0	0.5	-0.258645
      0 19.7181 12.5456
0	0.5	-0.246028
      0 19.7181 11.9463
0	0.5	-0.233412
      0 19.7181 11.3452
0	0.5	-0.220795
      0 19.7181 10.7422
0	0.5	-0.208178
      0 19.7181 10.1375
0	0.5	-0.195561
      0 19.7181 9.53124
0	0.5	-0.182944
      0 19.7181 8.92344
0	0.5	-0.170327
      0 19.7181 8.31422
0	0.5	-0.15771
      0 19.7181 7.70367
0	0.5	-0.145094
      0 19.7181  7.0919
0	0.5	-0.132477
      0 19.7181   6.479
0	0.5	-0.11986
      0 19.7181 5.86506
0	0.5	-0.107243
      0 19.7181  5.2502
0	0.5	-0.0946263
      0 19.7181  4.6345
0	0.5	-0.0820094
      0 19.7181 4.01806
0	0.5	-0.0693926
      0 19.7181 3.40098
0	0.5	-0.0567758
      0 19.7181 2.78336
0	0.5	-0.0441589
      0 19.7181 2.16529
0	0.5	-0.0315421
      0 19.7181 1.54688
0	0.5	-0.0189253
       0  19.7181 0.928228
0	0.5	-0.00630842
       0  19.7181 0.309426
0	0.5	0.00630842
        0   19.7181 -0.309426
0	0.5	0.0189253
        0   19.7181 -0.928228
0	0.5	0.0315421
       0  19.7181 -1.54688
0	0.5	0.0441589
       0  19.7181 -2.16529
0	0.5	0.0567758
       0  19.7181 -2.78336
0	0.5	0.0693926
       0  19.7181 -3.40098
0	0.5	0.0820094
       0  19.7181 -4.01806
0	0.5	0.0946263
      0 19.7181 -4.6345
0	0.5	0.107243
      0 19.7181 -5.2502
0	0.5	0.11986
       0  19.7181 -5.86506
0	0.5	0.132477
      0 19.7181  -6.479
0	0.5	0.145094
      0 19.7181 -7.0919
0	0.5	0.15771
       0  19.7181 -7.70367
0	0.5	0.170327
       0  19.7181 -8.31422
0	0.5	0.182944
       0  19.7181 -8.92344
0	0.5	0.195561
       0  19.7181 -9.53124
0	0.5	0.208178
       0  19.7181 -10.1375
0	0.5	0.220795
       0  19.7181 -10.7422
0	0.5	0.233412
       0  19.7181 -11.3452
0	0.5	0.246028
       0  19.7181 -11.9463
0	0.5	0.258645
       0  19.7181 -12.5456
0	0.5	0.271262
       0  19.7181 -13.1428
0	0.5	0.283879
      0 19.7181 -13.738
0	0.5	0.296496
      0 19.7181 -14.331
0	0.5	0.309113
       0  19.7181 -14.9217
0	0.5	0.321729
      0 19.7181  -15.51
0	0.5	0.334346
       0  19.7181 -16.0958
0	0.5	0.346963
       0  19.7181 -16.6791
0	0.5	0.35958
       0  19.7181 -17.2598
0	0.5	0.372197
       0  19.7181 -17.8377
0	0.5	0.384814
       0  19.7181 -18.4127
0	0.5	0.39743
       0  19.7181 -18.9848
0	0.5	0.410047
       0  19.7181 -19.5539
0	0.5	0.422664
       0  19.7181 -20.1199
0	0.5	0.435281
       0  19.7181 -20.6827
0	0.5	0.447898
       0  19.7181 -21.2422
0	0.5	0.460515
       0  19.7181 -21.7983
0	0.5	0.473131
       0  19.7181 -22.3509
0	0.5	0.485748
      0 19.7181   -22.9
0	0.5	0.498365
       0  19.7181 -23.4454
0	0.5	0.510982
       0  19.7181 -23.9871
0	0.5	0.523599
      0 19.7181 -24.525
0	0.5	0.536216
      0 19.7181 -25.059
0	0.5	0.548832
      0 19.7181 -25.589
0	0.5	0.561449
       0  19.7181 -26.1149
0	0.5	0.574066
       0  19.7181 -26.6366
0	0.5	0.586683
       0  19.7181 -27.1542
0	0.5	0.5993
       0  19.7181 -27.6674
0	0.5	0.611917
       0  19.7181 -28.1762
0	0.5	0.624533
       0  19.7181 -28.6805
0	0.5	0.63715
       0  19.7181 -29.1802
0	0.5	0.649767
       0  19.7181 -29.6753
0	0.5	0.662384
       0  19.7181 -30.1657
0	0.5	0.675001
       0  19.7181 -30.6512
0	0.5	0.687618
       0  19.7181 -31.1319
0	0.5	0.700235
       0  19.7181 -31.6077
0	0.5	0.712851
       0  19.7181 -32.0784
0	0.5	0.725468
      0 19.7181 -32.544
0	0.5	0.738085
       0  19.7181 -33.0044
0	0.5	0.750702
       0  19.7181 -33.4596
0	0.5	0.763319
       0  19.7181 -33.9094
0	0.5	0.775936
       0  19.7181 -34.3538
0	0.5	0.788552
       0  19.7181 -34.7928
0	0.5	0.801169
       0  19.7181 -35.2262
0	0.5	0.813786
       0  19.7181 -35.6541
0	0.5	0.826403
       0  19.7181 -36.0762
0	0.5	0.83902
       0  19.7181 -36.4926
0	0.5	0.851637
       0  19.7181 -36.9032
0	0.5	0.864253
      0 19.7181 -37.308
0	0.5	0.87687
       0  19.7181 -37.7067
0	0.5	0.889487
       0  19.7181 -38.0995
0	0.5	0.902104
       0  19.7181 -38.4862
0	0.5	0.914721
       0  19.7181 -38.8668
0	0.5	0.927338
       0  19.7181 -39.2412
0	0.5	0.939954
       0  19.7181 -39.6094
0	0.5	0.952571
       0  19.7181 -39.9713
0	0.5	0.965188
       0  19.7181 -40.3268
0	0.5	0.977805
       0  19.7181 -40.6758
0	0.5	0.990422
       0  19.7181 -41.0184
0	0.5	1.00304
       0  19.7181 -41.3545
0	0.5	1.01566
      0 19.7181 -41.684
0	0.5	1.02827
       0  19.7181 -42.0068
0	0.5	1.04089
      0 19.7181 -42.323
0	0.5	1.05351
       0  19.7181 -42.6324
0	0.5	1.06612
       0  19.7181 -42.9351
0	0.5	1.07874
       0  19.7181 -43.2309
0	0.5	1.09136
       0  19.7181 -43.5198
0	0.5	1.10397
       0  19.7181 -43.8018
0	0.5	1.11659
       0  19.7181 -44.0768
0	0.5	1.12921
       0  19.7181 -44.3448
0	0.5	1.14182
       0  19.7181 -44.6058
0	0.5	1.15444
       0  19.7181 -44.8596
0	0.5	1.16706
       0  19.7181 -45.1063
0	0.5	1.17967
       0  19.7181 -45.3458
0	0.5	1.19229
       0  19.7181 -45.5781
0	0.5	1.20491
       0  19.7181 -45.8032
0	0.5	1.21752
      0 19.7181 -46.021
0	0.5	1.23014
       0  19.7181 -46.2314
0	0.5	1.24276
       0  19.7181 -46.4345
0	0.5	1.25538
       0  19.7181 -46.6302
0	0.5	1.26799
       0  19.7181 -46.8184
0	0.5	1.28061
       0  19.7181 -46.9992
0	0.5	1.29323
       0  19.7181 -47.1726
0	0.5	1.30584
       0  19.7181 -47.3384
0	0.5	1.31846
       0  19.7181 -47.4967
0	0.5	1.33108
       0  19.7181 -47.6474
0	0.5	1.34369
       0  19.7181 -47.7905
0	0.5	1.35631
       0  19.7181 -47.9261
0	0.5	1.36893
      0 19.7181 -48.054
0	0.5	1.38154
       0  19.7181 -48.1742
0	0.5	1.39416
       0  19.7181 -48.2868
0	0.5	1.40678
       0  19.7181 -48.3917
0	0.5	1.41939
       0  19.7181 -48.4889
0	0.5	1.43201
       0  19.7181 -48.5784
0	0.5	1.44463
       0  19.7181 -48.6601
0	0.5	1.45724
       0  19.7181 -48.7341
0	0.5	1.46986
       0  19.7181 -48.8004
0	0.5	1.48248
       0  19.7181 -48.8588
0	0.5	1.4951
       0  19.7181 -48.9095
0	0.5	1.50771
       0  19.7181 -48.9524
0	0.5	1.52033
       0  19.7181 -48.9875
0	0.5	1.53295
       0  19.7181 -49.0149
0	0.5	1.54556
       0  19.7181 -49.0344
0	0.5	1.55818
       0  19.7181 -49.0461
0	0.5	1.5708
      0 19.7181  -49.05
